100.00 250.00
103.70 243.58
100.00 237.17
107.41 237.17
111.11 230.75
107.41 224.34
100.00 224.34
103.70 217.92
100.00 211.51
107.41 211.51
111.11 205.09
114.81 211.51
122.22 211.51
125.93 205.09
122.22 198.68
129.63 198.68
133.33 192.26
129.63 185.85
122.22 185.85
125.93 179.43
122.22 173.02
114.81 173.02
111.11 179.43
107.41 173.02
100.00 173.02
103.70 166.60
100.00 160.19
107.41 160.19
111.11 153.77
107.41 147.36
100.00 147.36
103.70 140.94
100.00 134.53
107.41 134.53
111.11 128.11
114.81 134.53
122.22 134.53
125.93 128.11
122.22 121.70
129.63 121.70
133.33 115.28
137.04 121.70
144.44 121.70
140.74 128.11
144.44 134.53
151.85 134.53
155.56 128.11
159.26 134.53
166.67 134.53
170.37 128.11
166.67 121.70
174.07 121.70
177.78 115.28
174.07 108.87
166.67 108.87
170.37 102.45
166.67 96.04
174.07 96.04
177.78 89.62
181.48 96.04
188.89 96.04
192.59 89.62
188.89 83.21
196.30 83.21
200.00 76.79
203.70 83.21
211.11 83.21
207.41 89.62
211.11 96.04
218.52 96.04
222.22 89.62
225.93 96.04
233.33 96.04
229.63 102.45
233.33 108.87
225.93 108.87
222.22 115.28
225.93 121.70
233.33 121.70
229.63 128.11
233.33 134.53
240.74 134.53
244.44 128.11
248.15 134.53
255.56 134.53
259.26 128.11
255.56 121.70
262.96 121.70
266.67 115.28
270.37 121.70
277.78 121.70
274.07 128.11
277.78 134.53
285.19 134.53
288.89 128.11
292.59 134.53
300.00 134.53
296.30 140.94
300.00 147.36
292.59 147.36
288.89 153.77
292.59 160.19
300.00 160.19
296.30 166.60
300.00 173.02
292.59 173.02
288.89 179.43
285.19 173.02
277.78 173.02
274.07 179.43
277.78 185.85
270.37 185.85
266.67 192.26
270.37 198.68
277.78 198.68
274.07 205.09
277.78 211.51
285.19 211.51
288.89 205.09
292.59 211.51
300.00 211.51
296.30 217.92
300.00 224.34
292.59 224.34
288.89 230.75
292.59 237.17
300.00 237.17
296.30 243.58
300.00 250.00
292.59 250.00
288.89 256.42
285.19 250.00
277.78 250.00
274.07 256.42
277.78 262.83
270.37 262.83
266.67 269.25
262.96 262.83
255.56 262.83
259.26 256.42
255.56 250.00
248.15 250.00
244.44 256.42
240.74 250.00
233.33 250.00
229.63 256.42
233.33 262.83
225.93 262.83
222.22 269.25
225.93 275.66
233.33 275.66
229.63 282.08
233.33 288.49
225.93 288.49
222.22 294.91
218.52 288.49
211.11 288.49
207.41 294.91
211.11 301.32
203.70 301.32
200.00 307.74
196.30 301.32
188.89 301.32
192.59 294.91
188.89 288.49
181.48 288.49
177.78 294.91
174.07 288.49
166.67 288.49
170.37 282.08
166.67 275.66
174.07 275.66
177.78 269.25
174.07 262.83
166.67 262.83
170.37 256.42
166.67 250.00
159.26 250.00
155.56 256.42
151.85 250.00
144.44 250.00
140.74 256.42
144.44 262.83
137.04 262.83
133.33 269.25
129.63 262.83
122.22 262.83
125.93 256.42
122.22 250.00
114.81 250.00
111.11 256.42
107.41 250.00
