100.00 40.00
102.47 35.72
100.00 31.45
104.94 31.45
107.41 27.17
104.94 22.89
100.00 22.89
102.47 18.62
100.00 14.34
104.94 14.34
107.41 10.06
109.88 14.34
114.81 14.34
117.28 10.06
114.81 5.79
119.75 5.79
122.22 1.51
119.75 -2.77
114.81 -2.77
117.28 -7.04
114.81 -11.32
109.88 -11.32
107.41 -7.04
104.94 -11.32
100.00 -11.32
102.47 -15.60
100.00 -19.87
104.94 -19.87
107.41 -24.15
104.94 -28.43
100.00 -28.43
102.47 -32.70
100.00 -36.98
104.94 -36.98
107.41 -41.26
109.88 -36.98
114.81 -36.98
117.28 -41.26
114.81 -45.53
119.75 -45.53
122.22 -49.81
124.69 -45.53
129.63 -45.53
127.16 -41.26
129.63 -36.98
134.57 -36.98
137.04 -41.26
139.51 -36.98
144.44 -36.98
146.91 -41.26
144.44 -45.53
149.38 -45.53
151.85 -49.81
149.38 -54.09
144.44 -54.09
146.91 -58.36
144.44 -62.64
149.38 -62.64
151.85 -66.92
154.32 -62.64
159.26 -62.64
161.73 -66.92
159.26 -71.19
164.20 -71.19
166.67 -75.47
164.20 -79.75
159.26 -79.75
161.73 -84.02
159.26 -88.30
154.32 -88.30
151.85 -84.02
149.38 -88.30
144.44 -88.30
146.91 -92.58
144.44 -96.85
149.38 -96.85
151.85 -101.13
149.38 -105.41
144.44 -105.41
146.91 -109.68
144.44 -113.96
139.51 -113.96
137.04 -109.68
134.57 -113.96
129.63 -113.96
127.16 -109.68
129.63 -105.41
124.69 -105.41
122.22 -101.13
119.75 -105.41
114.81 -105.41
117.28 -109.68
114.81 -113.96
109.88 -113.96
107.41 -109.68
104.94 -113.96
100.00 -113.96
102.47 -118.24
100.00 -122.51
104.94 -122.51
107.41 -126.79
104.94 -131.07
100.00 -131.07
102.47 -135.34
100.00 -139.62
104.94 -139.62
107.41 -143.90
109.88 -139.62
114.81 -139.62
117.28 -143.90
114.81 -148.17
119.75 -148.17
122.22 -152.45
119.75 -156.73
114.81 -156.73
117.28 -161.00
114.81 -165.28
109.88 -165.28
107.41 -161.00
104.94 -165.28
100.00 -165.28
102.47 -169.56
100.00 -173.83
104.94 -173.83
107.41 -178.11
104.94 -182.39
100.00 -182.39
102.47 -186.66
100.00 -190.94
104.94 -190.94
107.41 -195.22
109.88 -190.94
114.81 -190.94
117.28 -195.22
114.81 -199.49
119.75 -199.49
122.22 -203.77
124.69 -199.49
129.63 -199.49
127.16 -195.22
129.63 -190.94
134.57 -190.94
137.04 -195.22
139.51 -190.94
144.44 -190.94
146.91 -195.22
144.44 -199.49
149.38 -199.49
151.85 -203.77
149.38 -208.05
144.44 -208.05
146.91 -212.32
144.44 -216.60
149.38 -216.60
151.85 -220.88
154.32 -216.60
159.26 -216.60
161.73 -220.88
159.26 -225.15
164.20 -225.15
166.67 -229.43
169.14 -225.15
174.07 -225.15
171.60 -220.88
174.07 -216.60
179.01 -216.60
181.48 -220.88
183.95 -216.60
188.89 -216.60
186.42 -212.32
188.89 -208.05
183.95 -208.05
181.48 -203.77
183.95 -199.49
188.89 -199.49
186.42 -195.22
188.89 -190.94
193.83 -190.94
196.30 -195.22
198.77 -190.94
203.70 -190.94
206.17 -195.22
203.70 -199.49
208.64 -199.49
211.11 -203.77
213.58 -199.49
218.52 -199.49
216.05 -195.22
218.52 -190.94
223.46 -190.94
225.93 -195.22
228.40 -190.94
233.33 -190.94
235.80 -195.22
233.33 -199.49
238.27 -199.49
240.74 -203.77
238.27 -208.05
233.33 -208.05
235.80 -212.32
233.33 -216.60
238.27 -216.60
240.74 -220.88
243.21 -216.60
248.15 -216.60
250.62 -220.88
248.15 -225.15
253.09 -225.15
255.56 -229.43
253.09 -233.71
248.15 -233.71
250.62 -237.98
248.15 -242.26
243.21 -242.26
240.74 -237.98
238.27 -242.26
233.33 -242.26
235.80 -246.54
233.33 -250.81
238.27 -250.81
240.74 -255.09
238.27 -259.37
233.33 -259.37
235.80 -263.64
233.33 -267.92
238.27 -267.92
240.74 -272.20
243.21 -267.92
248.15 -267.92
250.62 -272.20
248.15 -276.47
253.09 -276.47
255.56 -280.75
258.02 -276.47
262.96 -276.47
260.49 -272.20
262.96 -267.92
267.90 -267.92
270.37 -272.20
272.84 -267.92
277.78 -267.92
280.25 -272.20
277.78 -276.47
282.72 -276.47
285.19 -280.75
282.72 -285.03
277.78 -285.03
280.25 -289.30
277.78 -293.58
282.72 -293.58
285.19 -297.86
287.65 -293.58
292.59 -293.58
295.06 -297.86
292.59 -302.13
297.53 -302.13
300.00 -306.41
302.47 -302.13
307.41 -302.13
304.94 -297.86
307.41 -293.58
312.35 -293.58
314.81 -297.86
317.28 -293.58
322.22 -293.58
319.75 -289.30
322.22 -285.03
317.28 -285.03
314.81 -280.75
317.28 -276.47
322.22 -276.47
319.75 -272.20
322.22 -267.92
327.16 -267.92
329.63 -272.20
332.10 -267.92
337.04 -267.92
339.51 -272.20
337.04 -276.47
341.98 -276.47
344.44 -280.75
346.91 -276.47
351.85 -276.47
349.38 -272.20
351.85 -267.92
356.79 -267.92
359.26 -272.20
361.73 -267.92
366.67 -267.92
364.20 -263.64
366.67 -259.37
361.73 -259.37
359.26 -255.09
361.73 -250.81
366.67 -250.81
364.20 -246.54
366.67 -242.26
361.73 -242.26
359.26 -237.98
356.79 -242.26
351.85 -242.26
349.38 -237.98
351.85 -233.71
346.91 -233.71
344.44 -229.43
346.91 -225.15
351.85 -225.15
349.38 -220.88
351.85 -216.60
356.79 -216.60
359.26 -220.88
361.73 -216.60
366.67 -216.60
364.20 -212.32
366.67 -208.05
361.73 -208.05
359.26 -203.77
361.73 -199.49
366.67 -199.49
364.20 -195.22
366.67 -190.94
371.60 -190.94
374.07 -195.22
376.54 -190.94
381.48 -190.94
383.95 -195.22
381.48 -199.49
386.42 -199.49
388.89 -203.77
391.36 -199.49
396.30 -199.49
393.83 -195.22
396.30 -190.94
401.23 -190.94
403.70 -195.22
406.17 -190.94
411.11 -190.94
413.58 -195.22
411.11 -199.49
416.05 -199.49
418.52 -203.77
416.05 -208.05
411.11 -208.05
413.58 -212.32
411.11 -216.60
416.05 -216.60
418.52 -220.88
420.99 -216.60
425.93 -216.60
428.40 -220.88
425.93 -225.15
430.86 -225.15
433.33 -229.43
435.80 -225.15
440.74 -225.15
438.27 -220.88
440.74 -216.60
445.68 -216.60
448.15 -220.88
450.62 -216.60
455.56 -216.60
453.09 -212.32
455.56 -208.05
450.62 -208.05
448.15 -203.77
450.62 -199.49
455.56 -199.49
453.09 -195.22
455.56 -190.94
460.49 -190.94
462.96 -195.22
465.43 -190.94
470.37 -190.94
472.84 -195.22
470.37 -199.49
475.31 -199.49
477.78 -203.77
480.25 -199.49
485.19 -199.49
482.72 -195.22
485.19 -190.94
490.12 -190.94
492.59 -195.22
495.06 -190.94
500.00 -190.94
497.53 -186.66
500.00 -182.39
495.06 -182.39
492.59 -178.11
495.06 -173.83
500.00 -173.83
497.53 -169.56
500.00 -165.28
495.06 -165.28
492.59 -161.00
490.12 -165.28
485.19 -165.28
482.72 -161.00
485.19 -156.73
480.25 -156.73
477.78 -152.45
480.25 -148.17
485.19 -148.17
482.72 -143.90
485.19 -139.62
490.12 -139.62
492.59 -143.90
495.06 -139.62
500.00 -139.62
497.53 -135.34
500.00 -131.07
495.06 -131.07
492.59 -126.79
495.06 -122.51
500.00 -122.51
497.53 -118.24
500.00 -113.96
495.06 -113.96
492.59 -109.68
490.12 -113.96
485.19 -113.96
482.72 -109.68
485.19 -105.41
480.25 -105.41
477.78 -101.13
475.31 -105.41
470.37 -105.41
472.84 -109.68
470.37 -113.96
465.43 -113.96
462.96 -109.68
460.49 -113.96
455.56 -113.96
453.09 -109.68
455.56 -105.41
450.62 -105.41
448.15 -101.13
450.62 -96.85
455.56 -96.85
453.09 -92.58
455.56 -88.30
450.62 -88.30
448.15 -84.02
445.68 -88.30
440.74 -88.30
438.27 -84.02
440.74 -79.75
435.80 -79.75
433.33 -75.47
435.80 -71.19
440.74 -71.19
438.27 -66.92
440.74 -62.64
445.68 -62.64
448.15 -66.92
450.62 -62.64
455.56 -62.64
453.09 -58.36
455.56 -54.09
450.62 -54.09
448.15 -49.81
450.62 -45.53
455.56 -45.53
453.09 -41.26
455.56 -36.98
460.49 -36.98
462.96 -41.26
465.43 -36.98
470.37 -36.98
472.84 -41.26
470.37 -45.53
475.31 -45.53
477.78 -49.81
480.25 -45.53
485.19 -45.53
482.72 -41.26
485.19 -36.98
490.12 -36.98
492.59 -41.26
495.06 -36.98
500.00 -36.98
497.53 -32.70
500.00 -28.43
495.06 -28.43
492.59 -24.15
495.06 -19.87
500.00 -19.87
497.53 -15.60
500.00 -11.32
495.06 -11.32
492.59 -7.04
490.12 -11.32
485.19 -11.32
482.72 -7.04
485.19 -2.77
480.25 -2.77
477.78 1.51
480.25 5.79
485.19 5.79
482.72 10.06
485.19 14.34
490.12 14.34
492.59 10.06
495.06 14.34
500.00 14.34
497.53 18.62
500.00 22.89
495.06 22.89
492.59 27.17
495.06 31.45
500.00 31.45
497.53 35.72
500.00 40.00
495.06 40.00
492.59 44.28
490.12 40.00
485.19 40.00
482.72 44.28
485.19 48.55
480.25 48.55
477.78 52.83
475.31 48.55
470.37 48.55
472.84 44.28
470.37 40.00
465.43 40.00
462.96 44.28
460.49 40.00
455.56 40.00
453.09 44.28
455.56 48.55
450.62 48.55
448.15 52.83
450.62 57.11
455.56 57.11
453.09 61.38
455.56 65.66
450.62 65.66
448.15 69.94
445.68 65.66
440.74 65.66
438.27 69.94
440.74 74.21
435.80 74.21
433.33 78.49
430.86 74.21
425.93 74.21
428.40 69.94
425.93 65.66
420.99 65.66
418.52 69.94
416.05 65.66
411.11 65.66
413.58 61.38
411.11 57.11
416.05 57.11
418.52 52.83
416.05 48.55
411.11 48.55
413.58 44.28
411.11 40.00
406.17 40.00
403.70 44.28
401.23 40.00
396.30 40.00
393.83 44.28
396.30 48.55
391.36 48.55
388.89 52.83
386.42 48.55
381.48 48.55
383.95 44.28
381.48 40.00
376.54 40.00
374.07 44.28
371.60 40.00
366.67 40.00
364.20 44.28
366.67 48.55
361.73 48.55
359.26 52.83
361.73 57.11
366.67 57.11
364.20 61.38
366.67 65.66
361.73 65.66
359.26 69.94
356.79 65.66
351.85 65.66
349.38 69.94
351.85 74.21
346.91 74.21
344.44 78.49
346.91 82.77
351.85 82.77
349.38 87.04
351.85 91.32
356.79 91.32
359.26 87.04
361.73 91.32
366.67 91.32
364.20 95.60
366.67 99.87
361.73 99.87
359.26 104.15
361.73 108.43
366.67 108.43
364.20 112.70
366.67 116.98
361.73 116.98
359.26 121.26
356.79 116.98
351.85 116.98
349.38 121.26
351.85 125.53
346.91 125.53
344.44 129.81
341.98 125.53
337.04 125.53
339.51 121.26
337.04 116.98
332.10 116.98
329.63 121.26
327.16 116.98
322.22 116.98
319.75 121.26
322.22 125.53
317.28 125.53
314.81 129.81
317.28 134.09
322.22 134.09
319.75 138.36
322.22 142.64
317.28 142.64
314.81 146.92
312.35 142.64
307.41 142.64
304.94 146.92
307.41 151.19
302.47 151.19
300.00 155.47
297.53 151.19
292.59 151.19
295.06 146.92
292.59 142.64
287.65 142.64
285.19 146.92
282.72 142.64
277.78 142.64
280.25 138.36
277.78 134.09
282.72 134.09
285.19 129.81
282.72 125.53
277.78 125.53
280.25 121.26
277.78 116.98
272.84 116.98
270.37 121.26
267.90 116.98
262.96 116.98
260.49 121.26
262.96 125.53
258.02 125.53
255.56 129.81
253.09 125.53
248.15 125.53
250.62 121.26
248.15 116.98
243.21 116.98
240.74 121.26
238.27 116.98
233.33 116.98
235.80 112.70
233.33 108.43
238.27 108.43
240.74 104.15
238.27 99.87
233.33 99.87
235.80 95.60
233.33 91.32
238.27 91.32
240.74 87.04
243.21 91.32
248.15 91.32
250.62 87.04
248.15 82.77
253.09 82.77
255.56 78.49
253.09 74.21
248.15 74.21
250.62 69.94
248.15 65.66
243.21 65.66
240.74 69.94
238.27 65.66
233.33 65.66
235.80 61.38
233.33 57.11
238.27 57.11
240.74 52.83
238.27 48.55
233.33 48.55
235.80 44.28
233.33 40.00
228.40 40.00
225.93 44.28
223.46 40.00
218.52 40.00
216.05 44.28
218.52 48.55
213.58 48.55
211.11 52.83
208.64 48.55
203.70 48.55
206.17 44.28
203.70 40.00
198.77 40.00
196.30 44.28
193.83 40.00
188.89 40.00
186.42 44.28
188.89 48.55
183.95 48.55
181.48 52.83
183.95 57.11
188.89 57.11
186.42 61.38
188.89 65.66
183.95 65.66
181.48 69.94
179.01 65.66
174.07 65.66
171.60 69.94
174.07 74.21
169.14 74.21
166.67 78.49
164.20 74.21
159.26 74.21
161.73 69.94
159.26 65.66
154.32 65.66
151.85 69.94
149.38 65.66
144.44 65.66
146.91 61.38
144.44 57.11
149.38 57.11
151.85 52.83
149.38 48.55
144.44 48.55
146.91 44.28
144.44 40.00
139.51 40.00
137.04 44.28
134.57 40.00
129.63 40.00
127.16 44.28
129.63 48.55
124.69 48.55
122.22 52.83
119.75 48.55
114.81 48.55
117.28 44.28
114.81 40.00
109.88 40.00
107.41 44.28
104.94 40.00
