100.00 200.00
105.56 190.38
100.00 180.75
111.11 180.75
116.67 171.13
111.11 161.51
100.00 161.51
105.56 151.89
100.00 142.26
111.11 142.26
116.67 132.64
122.22 142.26
133.33 142.26
138.89 132.64
133.33 123.02
144.44 123.02
150.00 113.40
155.56 123.02
166.67 123.02
161.11 132.64
166.67 142.26
177.78 142.26
183.33 132.64
188.89 142.26
200.00 142.26
194.44 151.89
200.00 161.51
188.89 161.51
183.33 171.13
188.89 180.75
200.00 180.75
194.44 190.38
200.00 200.00
188.89 200.00
183.33 209.62
177.78 200.00
166.67 200.00
161.11 209.62
166.67 219.25
155.56 219.25
150.00 228.87
144.44 219.25
133.33 219.25
138.89 209.62
133.33 200.00
122.22 200.00
116.67 209.62
111.11 200.00
