100.00 450.00
102.47 445.72
100.00 441.45
104.94 441.45
107.41 437.17
104.94 432.89
100.00 432.89
102.47 428.62
100.00 424.34
104.94 424.34
107.41 420.06
109.88 424.34
114.81 424.34
117.28 420.06
114.81 415.79
119.75 415.79
122.22 411.51
119.75 407.23
114.81 407.23
117.28 402.96
114.81 398.68
109.88 398.68
107.41 402.96
104.94 398.68
100.00 398.68
102.47 394.40
100.00 390.13
104.94 390.13
107.41 385.85
104.94 381.57
100.00 381.57
102.47 377.30
100.00 373.02
104.94 373.02
107.41 368.74
109.88 373.02
114.81 373.02
117.28 368.74
114.81 364.47
119.75 364.47
122.22 360.19
124.69 364.47
129.63 364.47
127.16 368.74
129.63 373.02
134.57 373.02
137.04 368.74
139.51 373.02
144.44 373.02
146.91 368.74
144.44 364.47
149.38 364.47
151.85 360.19
149.38 355.91
144.44 355.91
146.91 351.64
144.44 347.36
149.38 347.36
151.85 343.08
154.32 347.36
159.26 347.36
161.73 343.08
159.26 338.81
164.20 338.81
166.67 334.53
164.20 330.25
159.26 330.25
161.73 325.98
159.26 321.70
154.32 321.70
151.85 325.98
149.38 321.70
144.44 321.70
146.91 317.42
144.44 313.15
149.38 313.15
151.85 308.87
149.38 304.59
144.44 304.59
146.91 300.32
144.44 296.04
139.51 296.04
137.04 300.32
134.57 296.04
129.63 296.04
127.16 300.32
129.63 304.59
124.69 304.59
122.22 308.87
119.75 304.59
114.81 304.59
117.28 300.32
114.81 296.04
109.88 296.04
107.41 300.32
104.94 296.04
100.00 296.04
102.47 291.76
100.00 287.49
104.94 287.49
107.41 283.21
104.94 278.93
100.00 278.93
102.47 274.66
100.00 270.38
104.94 270.38
107.41 266.10
109.88 270.38
114.81 270.38
117.28 266.10
114.81 261.83
119.75 261.83
122.22 257.55
119.75 253.27
114.81 253.27
117.28 249.00
114.81 244.72
109.88 244.72
107.41 249.00
104.94 244.72
100.00 244.72
102.47 240.44
100.00 236.17
104.94 236.17
107.41 231.89
104.94 227.61
100.00 227.61
102.47 223.34
100.00 219.06
104.94 219.06
107.41 214.78
109.88 219.06
114.81 219.06
117.28 214.78
114.81 210.51
119.75 210.51
122.22 206.23
124.69 210.51
129.63 210.51
127.16 214.78
129.63 219.06
134.57 219.06
137.04 214.78
139.51 219.06
144.44 219.06
146.91 214.78
144.44 210.51
149.38 210.51
151.85 206.23
149.38 201.95
144.44 201.95
146.91 197.68
144.44 193.40
149.38 193.40
151.85 189.12
154.32 193.40
159.26 193.40
161.73 189.12
159.26 184.85
164.20 184.85
166.67 180.57
169.14 184.85
174.07 184.85
171.60 189.12
174.07 193.40
179.01 193.40
181.48 189.12
183.95 193.40
188.89 193.40
186.42 197.68
188.89 201.95
183.95 201.95
181.48 206.23
183.95 210.51
188.89 210.51
186.42 214.78
188.89 219.06
193.83 219.06
196.30 214.78
198.77 219.06
203.70 219.06
206.17 214.78
203.70 210.51
208.64 210.51
211.11 206.23
213.58 210.51
218.52 210.51
216.05 214.78
218.52 219.06
223.46 219.06
225.93 214.78
228.40 219.06
233.33 219.06
235.80 214.78
233.33 210.51
238.27 210.51
240.74 206.23
238.27 201.95
233.33 201.95
235.80 197.68
233.33 193.40
238.27 193.40
240.74 189.12
243.21 193.40
248.15 193.40
250.62 189.12
248.15 184.85
253.09 184.85
255.56 180.57
253.09 176.29
248.15 176.29
250.62 172.02
248.15 167.74
243.21 167.74
240.74 172.02
238.27 167.74
233.33 167.74
235.80 163.46
233.33 159.19
238.27 159.19
240.74 154.91
238.27 150.63
233.33 150.63
235.80 146.36
233.33 142.08
238.27 142.08
240.74 137.80
243.21 142.08
248.15 142.08
250.62 137.80
248.15 133.53
253.09 133.53
255.56 129.25
258.02 133.53
262.96 133.53
260.49 137.80
262.96 142.08
267.90 142.08
270.37 137.80
272.84 142.08
277.78 142.08
280.25 137.80
277.78 133.53
282.72 133.53
285.19 129.25
282.72 124.97
277.78 124.97
280.25 120.70
277.78 116.42
282.72 116.42
285.19 112.14
287.65 116.42
292.59 116.42
295.06 112.14
292.59 107.87
297.53 107.87
300.00 103.59
302.47 107.87
307.41 107.87
304.94 112.14
307.41 116.42
312.35 116.42
314.81 112.14
317.28 116.42
322.22 116.42
319.75 120.70
322.22 124.97
317.28 124.97
314.81 129.25
317.28 133.53
322.22 133.53
319.75 137.80
322.22 142.08
327.16 142.08
329.63 137.80
332.10 142.08
337.04 142.08
339.51 137.80
337.04 133.53
341.98 133.53
344.44 129.25
346.91 133.53
351.85 133.53
349.38 137.80
351.85 142.08
356.79 142.08
359.26 137.80
361.73 142.08
366.67 142.08
364.20 146.36
366.67 150.63
361.73 150.63
359.26 154.91
361.73 159.19
366.67 159.19
364.20 163.46
366.67 167.74
361.73 167.74
359.26 172.02
356.79 167.74
351.85 167.74
349.38 172.02
351.85 176.29
346.91 176.29
344.44 180.57
346.91 184.85
351.85 184.85
349.38 189.12
351.85 193.40
356.79 193.40
359.26 189.12
361.73 193.40
366.67 193.40
364.20 197.68
366.67 201.95
361.73 201.95
359.26 206.23
361.73 210.51
366.67 210.51
364.20 214.78
366.67 219.06
371.60 219.06
374.07 214.78
376.54 219.06
381.48 219.06
383.95 214.78
381.48 210.51
386.42 210.51
388.89 206.23
391.36 210.51
396.30 210.51
393.83 214.78
396.30 219.06
401.23 219.06
403.70 214.78
406.17 219.06
411.11 219.06
413.58 214.78
411.11 210.51
416.05 210.51
418.52 206.23
416.05 201.95
411.11 201.95
413.58 197.68
411.11 193.40
416.05 193.40
418.52 189.12
420.99 193.40
425.93 193.40
428.40 189.12
425.93 184.85
430.86 184.85
433.33 180.57
435.80 184.85
440.74 184.85
438.27 189.12
440.74 193.40
445.68 193.40
448.15 189.12
450.62 193.40
455.56 193.40
453.09 197.68
455.56 201.95
450.62 201.95
448.15 206.23
450.62 210.51
455.56 210.51
453.09 214.78
455.56 219.06
460.49 219.06
462.96 214.78
465.43 219.06
470.37 219.06
472.84 214.78
470.37 210.51
475.31 210.51
477.78 206.23
480.25 210.51
485.19 210.51
482.72 214.78
485.19 219.06
490.12 219.06
492.59 214.78
495.06 219.06
500.00 219.06
497.53 223.34
500.00 227.61
495.06 227.61
492.59 231.89
495.06 236.17
500.00 236.17
497.53 240.44
500.00 244.72
495.06 244.72
492.59 249.00
490.12 244.72
485.19 244.72
482.72 249.00
485.19 253.27
480.25 253.27
477.78 257.55
480.25 261.83
485.19 261.83
482.72 266.10
485.19 270.38
490.12 270.38
492.59 266.10
495.06 270.38
500.00 270.38
497.53 274.66
500.00 278.93
495.06 278.93
492.59 283.21
495.06 287.49
500.00 287.49
497.53 291.76
500.00 296.04
495.06 296.04
492.59 300.32
490.12 296.04
485.19 296.04
482.72 300.32
485.19 304.59
480.25 304.59
477.78 308.87
475.31 304.59
470.37 304.59
472.84 300.32
470.37 296.04
465.43 296.04
462.96 300.32
460.49 296.04
455.56 296.04
453.09 300.32
455.56 304.59
450.62 304.59
448.15 308.87
450.62 313.15
455.56 313.15
453.09 317.42
455.56 321.70
450.62 321.70
448.15 325.98
445.68 321.70
440.74 321.70
438.27 325.98
440.74 330.25
435.80 330.25
433.33 334.53
435.80 338.81
440.74 338.81
438.27 343.08
440.74 347.36
445.68 347.36
448.15 343.08
450.62 347.36
455.56 347.36
453.09 351.64
455.56 355.91
450.62 355.91
448.15 360.19
450.62 364.47
455.56 364.47
453.09 368.74
455.56 373.02
460.49 373.02
462.96 368.74
465.43 373.02
470.37 373.02
472.84 368.74
470.37 364.47
475.31 364.47
477.78 360.19
480.25 364.47
485.19 364.47
482.72 368.74
485.19 373.02
490.12 373.02
492.59 368.74
495.06 373.02
500.00 373.02
497.53 377.30
500.00 381.57
495.06 381.57
492.59 385.85
495.06 390.13
500.00 390.13
497.53 394.40
500.00 398.68
495.06 398.68
492.59 402.96
490.12 398.68
485.19 398.68
482.72 402.96
485.19 407.23
480.25 407.23
477.78 411.51
480.25 415.79
485.19 415.79
482.72 420.06
485.19 424.34
490.12 424.34
492.59 420.06
495.06 424.34
500.00 424.34
497.53 428.62
500.00 432.89
495.06 432.89
492.59 437.17
495.06 441.45
500.00 441.45
497.53 445.72
500.00 450.00
495.06 450.00
492.59 454.28
490.12 450.00
485.19 450.00
482.72 454.28
485.19 458.55
480.25 458.55
477.78 462.83
475.31 458.55
470.37 458.55
472.84 454.28
470.37 450.00
465.43 450.00
462.96 454.28
460.49 450.00
455.56 450.00
453.09 454.28
455.56 458.55
450.62 458.55
448.15 462.83
450.62 467.11
455.56 467.11
453.09 471.38
455.56 475.66
450.62 475.66
448.15 479.94
445.68 475.66
440.74 475.66
438.27 479.94
440.74 484.21
435.80 484.21
433.33 488.49
430.86 484.21
425.93 484.21
428.40 479.94
425.93 475.66
420.99 475.66
418.52 479.94
416.05 475.66
411.11 475.66
413.58 471.38
411.11 467.11
416.05 467.11
418.52 462.83
416.05 458.55
411.11 458.55
413.58 454.28
411.11 450.00
406.17 450.00
403.70 454.28
401.23 450.00
396.30 450.00
393.83 454.28
396.30 458.55
391.36 458.55
388.89 462.83
386.42 458.55
381.48 458.55
383.95 454.28
381.48 450.00
376.54 450.00
374.07 454.28
371.60 450.00
366.67 450.00
364.20 454.28
366.67 458.55
361.73 458.55
359.26 462.83
361.73 467.11
366.67 467.11
364.20 471.38
366.67 475.66
361.73 475.66
359.26 479.94
356.79 475.66
351.85 475.66
349.38 479.94
351.85 484.21
346.91 484.21
344.44 488.49
346.91 492.77
351.85 492.77
349.38 497.04
351.85 501.32
356.79 501.32
359.26 497.04
361.73 501.32
366.67 501.32
364.20 505.60
366.67 509.87
361.73 509.87
359.26 514.15
361.73 518.43
366.67 518.43
364.20 522.70
366.67 526.98
361.73 526.98
359.26 531.26
356.79 526.98
351.85 526.98
349.38 531.26
351.85 535.53
346.91 535.53
344.44 539.81
341.98 535.53
337.04 535.53
339.51 531.26
337.04 526.98
332.10 526.98
329.63 531.26
327.16 526.98
322.22 526.98
319.75 531.26
322.22 535.53
317.28 535.53
314.81 539.81
317.28 544.09
322.22 544.09
319.75 548.36
322.22 552.64
317.28 552.64
314.81 556.92
312.35 552.64
307.41 552.64
304.94 556.92
307.41 561.19
302.47 561.19
300.00 565.47
297.53 561.19
292.59 561.19
295.06 556.92
292.59 552.64
287.65 552.64
285.19 556.92
282.72 552.64
277.78 552.64
280.25 548.36
277.78 544.09
282.72 544.09
285.19 539.81
282.72 535.53
277.78 535.53
280.25 531.26
277.78 526.98
272.84 526.98
270.37 531.26
267.90 526.98
262.96 526.98
260.49 531.26
262.96 535.53
258.02 535.53
255.56 539.81
253.09 535.53
248.15 535.53
250.62 531.26
248.15 526.98
243.21 526.98
240.74 531.26
238.27 526.98
233.33 526.98
235.80 522.70
233.33 518.43
238.27 518.43
240.74 514.15
238.27 509.87
233.33 509.87
235.80 505.60
233.33 501.32
238.27 501.32
240.74 497.04
243.21 501.32
248.15 501.32
250.62 497.04
248.15 492.77
253.09 492.77
255.56 488.49
253.09 484.21
248.15 484.21
250.62 479.94
248.15 475.66
243.21 475.66
240.74 479.94
238.27 475.66
233.33 475.66
235.80 471.38
233.33 467.11
238.27 467.11
240.74 462.83
238.27 458.55
233.33 458.55
235.80 454.28
233.33 450.00
228.40 450.00
225.93 454.28
223.46 450.00
218.52 450.00
216.05 454.28
218.52 458.55
213.58 458.55
211.11 462.83
208.64 458.55
203.70 458.55
206.17 454.28
203.70 450.00
198.77 450.00
196.30 454.28
193.83 450.00
188.89 450.00
186.42 454.28
188.89 458.55
183.95 458.55
181.48 462.83
183.95 467.11
188.89 467.11
186.42 471.38
188.89 475.66
183.95 475.66
181.48 479.94
179.01 475.66
174.07 475.66
171.60 479.94
174.07 484.21
169.14 484.21
166.67 488.49
164.20 484.21
159.26 484.21
161.73 479.94
159.26 475.66
154.32 475.66
151.85 479.94
149.38 475.66
144.44 475.66
146.91 471.38
144.44 467.11
149.38 467.11
151.85 462.83
149.38 458.55
144.44 458.55
146.91 454.28
144.44 450.00
139.51 450.00
137.04 454.28
134.57 450.00
129.63 450.00
127.16 454.28
129.63 458.55
124.69 458.55
122.22 462.83
119.75 458.55
114.81 458.55
117.28 454.28
114.81 450.00
109.88 450.00
107.41 454.28
104.94 450.00
