100.00 450.00
109.26 433.96
100.00 417.92
118.52 417.92
127.78 401.89
118.52 385.85
100.00 385.85
109.26 369.81
100.00 353.77
118.52 353.77
127.78 337.74
137.04 353.77
155.56 353.77
164.81 337.74
155.56 321.70
174.07 321.70
183.33 305.66
174.07 289.62
155.56 289.62
164.81 273.59
155.56 257.55
137.04 257.55
127.78 273.59
118.52 257.55
100.00 257.55
109.26 241.51
100.00 225.47
118.52 225.47
127.78 209.44
118.52 193.40
100.00 193.40
109.26 177.36
100.00 161.32
118.52 161.32
127.78 145.29
137.04 161.32
155.56 161.32
164.81 145.29
155.56 129.25
174.07 129.25
183.33 113.21
192.59 129.25
211.11 129.25
201.85 145.29
211.11 161.32
229.63 161.32
238.89 145.29
248.15 161.32
266.67 161.32
275.93 145.29
266.67 129.25
285.19 129.25
294.44 113.21
285.19 97.17
266.67 97.17
275.93 81.14
266.67 65.10
285.19 65.10
294.44 49.06
303.70 65.10
322.22 65.10
331.48 49.06
322.22 33.02
340.74 33.02
350.00 16.99
359.26 33.02
377.78 33.02
368.52 49.06
377.78 65.10
396.30 65.10
405.56 49.06
414.81 65.10
433.33 65.10
424.07 81.14
433.33 97.17
414.81 97.17
405.56 113.21
414.81 129.25
433.33 129.25
424.07 145.29
433.33 161.32
451.85 161.32
461.11 145.29
470.37 161.32
488.89 161.32
498.15 145.29
488.89 129.25
507.41 129.25
516.67 113.21
525.93 129.25
544.44 129.25
535.19 145.29
544.44 161.32
562.96 161.32
572.22 145.29
581.48 161.32
600.00 161.32
590.74 177.36
600.00 193.40
581.48 193.40
572.22 209.44
581.48 225.47
600.00 225.47
590.74 241.51
600.00 257.55
581.48 257.55
572.22 273.59
562.96 257.55
544.44 257.55
535.19 273.59
544.44 289.62
525.93 289.62
516.67 305.66
525.93 321.70
544.44 321.70
535.19 337.74
544.44 353.77
562.96 353.77
572.22 337.74
581.48 353.77
600.00 353.77
590.74 369.81
600.00 385.85
581.48 385.85
572.22 401.89
581.48 417.92
600.00 417.92
590.74 433.96
600.00 450.00
581.48 450.00
572.22 466.04
562.96 450.00
544.44 450.00
535.19 466.04
544.44 482.08
525.93 482.08
516.67 498.11
507.41 482.08
488.89 482.08
498.15 466.04
488.89 450.00
470.37 450.00
461.11 466.04
451.85 450.00
433.33 450.00
424.07 466.04
433.33 482.08
414.81 482.08
405.56 498.11
414.81 514.15
433.33 514.15
424.07 530.19
433.33 546.23
414.81 546.23
405.56 562.26
396.30 546.23
377.78 546.23
368.52 562.26
377.78 578.30
359.26 578.30
350.00 594.34
340.74 578.30
322.22 578.30
331.48 562.26
322.22 546.23
303.70 546.23
294.44 562.26
285.19 546.23
266.67 546.23
275.93 530.19
266.67 514.15
285.19 514.15
294.44 498.11
285.19 482.08
266.67 482.08
275.93 466.04
266.67 450.00
248.15 450.00
238.89 466.04
229.63 450.00
211.11 450.00
201.85 466.04
211.11 482.08
192.59 482.08
183.33 498.11
174.07 482.08
155.56 482.08
164.81 466.04
155.56 450.00
137.04 450.00
127.78 466.04
118.52 450.00
