100.00 100.00
102.47 95.72
100.00 91.45
104.94 91.45
107.41 87.17
104.94 82.89
100.00 82.89
102.47 78.62
100.00 74.34
104.94 74.34
107.41 70.06
109.88 74.34
114.81 74.34
117.28 70.06
114.81 65.79
119.75 65.79
122.22 61.51
119.75 57.23
114.81 57.23
117.28 52.96
114.81 48.68
109.88 48.68
107.41 52.96
104.94 48.68
100.00 48.68
102.47 44.40
100.00 40.13
104.94 40.13
107.41 35.85
104.94 31.57
100.00 31.57
102.47 27.30
100.00 23.02
104.94 23.02
107.41 18.74
109.88 23.02
114.81 23.02
117.28 18.74
114.81 14.47
119.75 14.47
122.22 10.19
124.69 14.47
129.63 14.47
127.16 18.74
129.63 23.02
134.57 23.02
137.04 18.74
139.51 23.02
144.44 23.02
146.91 18.74
144.44 14.47
149.38 14.47
151.85 10.19
149.38 5.91
144.44 5.91
146.91 1.64
144.44 -2.64
149.38 -2.64
151.85 -6.92
154.32 -2.64
159.26 -2.64
161.73 -6.92
159.26 -11.19
164.20 -11.19
166.67 -15.47
164.20 -19.75
159.26 -19.75
161.73 -24.02
159.26 -28.30
154.32 -28.30
151.85 -24.02
149.38 -28.30
144.44 -28.30
146.91 -32.58
144.44 -36.85
149.38 -36.85
151.85 -41.13
149.38 -45.41
144.44 -45.41
146.91 -49.68
144.44 -53.96
139.51 -53.96
137.04 -49.68
134.57 -53.96
129.63 -53.96
127.16 -49.68
129.63 -45.41
124.69 -45.41
122.22 -41.13
119.75 -45.41
114.81 -45.41
117.28 -49.68
114.81 -53.96
109.88 -53.96
107.41 -49.68
104.94 -53.96
100.00 -53.96
102.47 -58.24
100.00 -62.51
104.94 -62.51
107.41 -66.79
104.94 -71.07
100.00 -71.07
102.47 -75.34
100.00 -79.62
104.94 -79.62
107.41 -83.90
109.88 -79.62
114.81 -79.62
117.28 -83.90
114.81 -88.17
119.75 -88.17
122.22 -92.45
119.75 -96.73
114.81 -96.73
117.28 -101.00
114.81 -105.28
109.88 -105.28
107.41 -101.00
104.94 -105.28
100.00 -105.28
102.47 -109.56
100.00 -113.83
104.94 -113.83
107.41 -118.11
104.94 -122.39
100.00 -122.39
102.47 -126.66
100.00 -130.94
104.94 -130.94
107.41 -135.22
109.88 -130.94
114.81 -130.94
117.28 -135.22
114.81 -139.49
119.75 -139.49
122.22 -143.77
124.69 -139.49
129.63 -139.49
127.16 -135.22
129.63 -130.94
134.57 -130.94
137.04 -135.22
139.51 -130.94
144.44 -130.94
146.91 -135.22
144.44 -139.49
149.38 -139.49
151.85 -143.77
149.38 -148.05
144.44 -148.05
146.91 -152.32
144.44 -156.60
149.38 -156.60
151.85 -160.88
154.32 -156.60
159.26 -156.60
161.73 -160.88
159.26 -165.15
164.20 -165.15
166.67 -169.43
169.14 -165.15
174.07 -165.15
171.60 -160.88
174.07 -156.60
179.01 -156.60
181.48 -160.88
183.95 -156.60
188.89 -156.60
186.42 -152.32
188.89 -148.05
183.95 -148.05
181.48 -143.77
183.95 -139.49
188.89 -139.49
186.42 -135.22
188.89 -130.94
193.83 -130.94
196.30 -135.22
198.77 -130.94
203.70 -130.94
206.17 -135.22
203.70 -139.49
208.64 -139.49
211.11 -143.77
213.58 -139.49
218.52 -139.49
216.05 -135.22
218.52 -130.94
223.46 -130.94
225.93 -135.22
228.40 -130.94
233.33 -130.94
235.80 -135.22
233.33 -139.49
238.27 -139.49
240.74 -143.77
238.27 -148.05
233.33 -148.05
235.80 -152.32
233.33 -156.60
238.27 -156.60
240.74 -160.88
243.21 -156.60
248.15 -156.60
250.62 -160.88
248.15 -165.15
253.09 -165.15
255.56 -169.43
253.09 -173.71
248.15 -173.71
250.62 -177.98
248.15 -182.26
243.21 -182.26
240.74 -177.98
238.27 -182.26
233.33 -182.26
235.80 -186.54
233.33 -190.81
238.27 -190.81
240.74 -195.09
238.27 -199.37
233.33 -199.37
235.80 -203.64
233.33 -207.92
238.27 -207.92
240.74 -212.20
243.21 -207.92
248.15 -207.92
250.62 -212.20
248.15 -216.47
253.09 -216.47
255.56 -220.75
258.02 -216.47
262.96 -216.47
260.49 -212.20
262.96 -207.92
267.90 -207.92
270.37 -212.20
272.84 -207.92
277.78 -207.92
280.25 -212.20
277.78 -216.47
282.72 -216.47
285.19 -220.75
282.72 -225.03
277.78 -225.03
280.25 -229.30
277.78 -233.58
282.72 -233.58
285.19 -237.86
287.65 -233.58
292.59 -233.58
295.06 -237.86
292.59 -242.13
297.53 -242.13
300.00 -246.41
302.47 -242.13
307.41 -242.13
304.94 -237.86
307.41 -233.58
312.35 -233.58
314.81 -237.86
317.28 -233.58
322.22 -233.58
319.75 -229.30
322.22 -225.03
317.28 -225.03
314.81 -220.75
317.28 -216.47
322.22 -216.47
319.75 -212.20
322.22 -207.92
327.16 -207.92
329.63 -212.20
332.10 -207.92
337.04 -207.92
339.51 -212.20
337.04 -216.47
341.98 -216.47
344.44 -220.75
346.91 -216.47
351.85 -216.47
349.38 -212.20
351.85 -207.92
356.79 -207.92
359.26 -212.20
361.73 -207.92
366.67 -207.92
364.20 -203.64
366.67 -199.37
361.73 -199.37
359.26 -195.09
361.73 -190.81
366.67 -190.81
364.20 -186.54
366.67 -182.26
361.73 -182.26
359.26 -177.98
356.79 -182.26
351.85 -182.26
349.38 -177.98
351.85 -173.71
346.91 -173.71
344.44 -169.43
346.91 -165.15
351.85 -165.15
349.38 -160.88
351.85 -156.60
356.79 -156.60
359.26 -160.88
361.73 -156.60
366.67 -156.60
364.20 -152.32
366.67 -148.05
361.73 -148.05
359.26 -143.77
361.73 -139.49
366.67 -139.49
364.20 -135.22
366.67 -130.94
371.60 -130.94
374.07 -135.22
376.54 -130.94
381.48 -130.94
383.95 -135.22
381.48 -139.49
386.42 -139.49
388.89 -143.77
391.36 -139.49
396.30 -139.49
393.83 -135.22
396.30 -130.94
401.23 -130.94
403.70 -135.22
406.17 -130.94
411.11 -130.94
413.58 -135.22
411.11 -139.49
416.05 -139.49
418.52 -143.77
416.05 -148.05
411.11 -148.05
413.58 -152.32
411.11 -156.60
416.05 -156.60
418.52 -160.88
420.99 -156.60
425.93 -156.60
428.40 -160.88
425.93 -165.15
430.86 -165.15
433.33 -169.43
435.80 -165.15
440.74 -165.15
438.27 -160.88
440.74 -156.60
445.68 -156.60
448.15 -160.88
450.62 -156.60
455.56 -156.60
453.09 -152.32
455.56 -148.05
450.62 -148.05
448.15 -143.77
450.62 -139.49
455.56 -139.49
453.09 -135.22
455.56 -130.94
460.49 -130.94
462.96 -135.22
465.43 -130.94
470.37 -130.94
472.84 -135.22
470.37 -139.49
475.31 -139.49
477.78 -143.77
480.25 -139.49
485.19 -139.49
482.72 -135.22
485.19 -130.94
490.12 -130.94
492.59 -135.22
495.06 -130.94
500.00 -130.94
497.53 -126.66
500.00 -122.39
495.06 -122.39
492.59 -118.11
495.06 -113.83
500.00 -113.83
497.53 -109.56
500.00 -105.28
495.06 -105.28
492.59 -101.00
490.12 -105.28
485.19 -105.28
482.72 -101.00
485.19 -96.73
480.25 -96.73
477.78 -92.45
480.25 -88.17
485.19 -88.17
482.72 -83.90
485.19 -79.62
490.12 -79.62
492.59 -83.90
495.06 -79.62
500.00 -79.62
497.53 -75.34
500.00 -71.07
495.06 -71.07
492.59 -66.79
495.06 -62.51
500.00 -62.51
497.53 -58.24
500.00 -53.96
495.06 -53.96
492.59 -49.68
490.12 -53.96
485.19 -53.96
482.72 -49.68
485.19 -45.41
480.25 -45.41
477.78 -41.13
475.31 -45.41
470.37 -45.41
472.84 -49.68
470.37 -53.96
465.43 -53.96
462.96 -49.68
460.49 -53.96
455.56 -53.96
453.09 -49.68
455.56 -45.41
450.62 -45.41
448.15 -41.13
450.62 -36.85
455.56 -36.85
453.09 -32.58
455.56 -28.30
450.62 -28.30
448.15 -24.02
445.68 -28.30
440.74 -28.30
438.27 -24.02
440.74 -19.75
435.80 -19.75
433.33 -15.47
435.80 -11.19
440.74 -11.19
438.27 -6.92
440.74 -2.64
445.68 -2.64
448.15 -6.92
450.62 -2.64
455.56 -2.64
453.09 1.64
455.56 5.91
450.62 5.91
448.15 10.19
450.62 14.47
455.56 14.47
453.09 18.74
455.56 23.02
460.49 23.02
462.96 18.74
465.43 23.02
470.37 23.02
472.84 18.74
470.37 14.47
475.31 14.47
477.78 10.19
480.25 14.47
485.19 14.47
482.72 18.74
485.19 23.02
490.12 23.02
492.59 18.74
495.06 23.02
500.00 23.02
497.53 27.30
500.00 31.57
495.06 31.57
492.59 35.85
495.06 40.13
500.00 40.13
497.53 44.40
500.00 48.68
495.06 48.68
492.59 52.96
490.12 48.68
485.19 48.68
482.72 52.96
485.19 57.23
480.25 57.23
477.78 61.51
480.25 65.79
485.19 65.79
482.72 70.06
485.19 74.34
490.12 74.34
492.59 70.06
495.06 74.34
500.00 74.34
497.53 78.62
500.00 82.89
495.06 82.89
492.59 87.17
495.06 91.45
500.00 91.45
497.53 95.72
500.00 100.00
495.06 100.00
492.59 104.28
490.12 100.00
485.19 100.00
482.72 104.28
485.19 108.55
480.25 108.55
477.78 112.83
475.31 108.55
470.37 108.55
472.84 104.28
470.37 100.00
465.43 100.00
462.96 104.28
460.49 100.00
455.56 100.00
453.09 104.28
455.56 108.55
450.62 108.55
448.15 112.83
450.62 117.11
455.56 117.11
453.09 121.38
455.56 125.66
450.62 125.66
448.15 129.94
445.68 125.66
440.74 125.66
438.27 129.94
440.74 134.21
435.80 134.21
433.33 138.49
430.86 134.21
425.93 134.21
428.40 129.94
425.93 125.66
420.99 125.66
418.52 129.94
416.05 125.66
411.11 125.66
413.58 121.38
411.11 117.11
416.05 117.11
418.52 112.83
416.05 108.55
411.11 108.55
413.58 104.28
411.11 100.00
406.17 100.00
403.70 104.28
401.23 100.00
396.30 100.00
393.83 104.28
396.30 108.55
391.36 108.55
388.89 112.83
386.42 108.55
381.48 108.55
383.95 104.28
381.48 100.00
376.54 100.00
374.07 104.28
371.60 100.00
366.67 100.00
364.20 104.28
366.67 108.55
361.73 108.55
359.26 112.83
361.73 117.11
366.67 117.11
364.20 121.38
366.67 125.66
361.73 125.66
359.26 129.94
356.79 125.66
351.85 125.66
349.38 129.94
351.85 134.21
346.91 134.21
344.44 138.49
346.91 142.77
351.85 142.77
349.38 147.04
351.85 151.32
356.79 151.32
359.26 147.04
361.73 151.32
366.67 151.32
364.20 155.60
366.67 159.87
361.73 159.87
359.26 164.15
361.73 168.43
366.67 168.43
364.20 172.70
366.67 176.98
361.73 176.98
359.26 181.26
356.79 176.98
351.85 176.98
349.38 181.26
351.85 185.53
346.91 185.53
344.44 189.81
341.98 185.53
337.04 185.53
339.51 181.26
337.04 176.98
332.10 176.98
329.63 181.26
327.16 176.98
322.22 176.98
319.75 181.26
322.22 185.53
317.28 185.53
314.81 189.81
317.28 194.09
322.22 194.09
319.75 198.36
322.22 202.64
317.28 202.64
314.81 206.92
312.35 202.64
307.41 202.64
304.94 206.92
307.41 211.19
302.47 211.19
300.00 215.47
297.53 211.19
292.59 211.19
295.06 206.92
292.59 202.64
287.65 202.64
285.19 206.92
282.72 202.64
277.78 202.64
280.25 198.36
277.78 194.09
282.72 194.09
285.19 189.81
282.72 185.53
277.78 185.53
280.25 181.26
277.78 176.98
272.84 176.98
270.37 181.26
267.90 176.98
262.96 176.98
260.49 181.26
262.96 185.53
258.02 185.53
255.56 189.81
253.09 185.53
248.15 185.53
250.62 181.26
248.15 176.98
243.21 176.98
240.74 181.26
238.27 176.98
233.33 176.98
235.80 172.70
233.33 168.43
238.27 168.43
240.74 164.15
238.27 159.87
233.33 159.87
235.80 155.60
233.33 151.32
238.27 151.32
240.74 147.04
243.21 151.32
248.15 151.32
250.62 147.04
248.15 142.77
253.09 142.77
255.56 138.49
253.09 134.21
248.15 134.21
250.62 129.94
248.15 125.66
243.21 125.66
240.74 129.94
238.27 125.66
233.33 125.66
235.80 121.38
233.33 117.11
238.27 117.11
240.74 112.83
238.27 108.55
233.33 108.55
235.80 104.28
233.33 100.00
228.40 100.00
225.93 104.28
223.46 100.00
218.52 100.00
216.05 104.28
218.52 108.55
213.58 108.55
211.11 112.83
208.64 108.55
203.70 108.55
206.17 104.28
203.70 100.00
198.77 100.00
196.30 104.28
193.83 100.00
188.89 100.00
186.42 104.28
188.89 108.55
183.95 108.55
181.48 112.83
183.95 117.11
188.89 117.11
186.42 121.38
188.89 125.66
183.95 125.66
181.48 129.94
179.01 125.66
174.07 125.66
171.60 129.94
174.07 134.21
169.14 134.21
166.67 138.49
164.20 134.21
159.26 134.21
161.73 129.94
159.26 125.66
154.32 125.66
151.85 129.94
149.38 125.66
144.44 125.66
146.91 121.38
144.44 117.11
149.38 117.11
151.85 112.83
149.38 108.55
144.44 108.55
146.91 104.28
144.44 100.00
139.51 100.00
137.04 104.28
134.57 100.00
129.63 100.00
127.16 104.28
129.63 108.55
124.69 108.55
122.22 112.83
119.75 108.55
114.81 108.55
117.28 104.28
114.81 100.00
109.88 100.00
107.41 104.28
104.94 100.00
