10.00 100.00
15.56 90.38
10.00 80.75
21.11 80.75
26.67 71.13
21.11 61.51
10.00 61.51
15.56 51.89
10.00 42.26
21.11 42.26
26.67 32.64
32.22 42.26
43.33 42.26
48.89 32.64
43.33 23.02
54.44 23.02
60.00 13.40
65.56 23.02
76.67 23.02
71.11 32.64
76.67 42.26
87.78 42.26
93.33 32.64
98.89 42.26
110.00 42.26
104.44 51.89
110.00 61.51
98.89 61.51
93.33 71.13
98.89 80.75
110.00 80.75
104.44 90.38
110.00 100.00
98.89 100.00
93.33 109.62
87.78 100.00
76.67 100.00
71.11 109.62
76.67 119.25
65.56 119.25
60.00 128.87
54.44 119.25
43.33 119.25
48.89 109.62
43.33 100.00
32.22 100.00
26.67 109.62
21.11 100.00
