200.00 400.00
202.47 395.72
200.00 391.45
204.94 391.45
207.41 387.17
204.94 382.89
200.00 382.89
202.47 378.62
200.00 374.34
204.94 374.34
207.41 370.06
209.88 374.34
214.81 374.34
217.28 370.06
214.81 365.79
219.75 365.79
222.22 361.51
219.75 357.23
214.81 357.23
217.28 352.96
214.81 348.68
209.88 348.68
207.41 352.96
204.94 348.68
200.00 348.68
202.47 344.40
200.00 340.13
204.94 340.13
207.41 335.85
204.94 331.57
200.00 331.57
202.47 327.30
200.00 323.02
204.94 323.02
207.41 318.74
209.88 323.02
214.81 323.02
217.28 318.74
214.81 314.47
219.75 314.47
222.22 310.19
224.69 314.47
229.63 314.47
227.16 318.74
229.63 323.02
234.57 323.02
237.04 318.74
239.51 323.02
244.44 323.02
246.91 318.74
244.44 314.47
249.38 314.47
251.85 310.19
249.38 305.91
244.44 305.91
246.91 301.64
244.44 297.36
249.38 297.36
251.85 293.08
254.32 297.36
259.26 297.36
261.73 293.08
259.26 288.81
264.20 288.81
266.67 284.53
264.20 280.25
259.26 280.25
261.73 275.98
259.26 271.70
254.32 271.70
251.85 275.98
249.38 271.70
244.44 271.70
246.91 267.42
244.44 263.15
249.38 263.15
251.85 258.87
249.38 254.59
244.44 254.59
246.91 250.32
244.44 246.04
239.51 246.04
237.04 250.32
234.57 246.04
229.63 246.04
227.16 250.32
229.63 254.59
224.69 254.59
222.22 258.87
219.75 254.59
214.81 254.59
217.28 250.32
214.81 246.04
209.88 246.04
207.41 250.32
204.94 246.04
200.00 246.04
202.47 241.76
200.00 237.49
204.94 237.49
207.41 233.21
204.94 228.93
200.00 228.93
202.47 224.66
200.00 220.38
204.94 220.38
207.41 216.10
209.88 220.38
214.81 220.38
217.28 216.10
214.81 211.83
219.75 211.83
222.22 207.55
219.75 203.27
214.81 203.27
217.28 199.00
214.81 194.72
209.88 194.72
207.41 199.00
204.94 194.72
200.00 194.72
202.47 190.44
200.00 186.17
204.94 186.17
207.41 181.89
204.94 177.61
200.00 177.61
202.47 173.34
200.00 169.06
204.94 169.06
207.41 164.78
209.88 169.06
214.81 169.06
217.28 164.78
214.81 160.51
219.75 160.51
222.22 156.23
224.69 160.51
229.63 160.51
227.16 164.78
229.63 169.06
234.57 169.06
237.04 164.78
239.51 169.06
244.44 169.06
246.91 164.78
244.44 160.51
249.38 160.51
251.85 156.23
249.38 151.95
244.44 151.95
246.91 147.68
244.44 143.40
249.38 143.40
251.85 139.12
254.32 143.40
259.26 143.40
261.73 139.12
259.26 134.85
264.20 134.85
266.67 130.57
269.14 134.85
274.07 134.85
271.60 139.12
274.07 143.40
279.01 143.40
281.48 139.12
283.95 143.40
288.89 143.40
286.42 147.68
288.89 151.95
283.95 151.95
281.48 156.23
283.95 160.51
288.89 160.51
286.42 164.78
288.89 169.06
293.83 169.06
296.30 164.78
298.77 169.06
303.70 169.06
306.17 164.78
303.70 160.51
308.64 160.51
311.11 156.23
313.58 160.51
318.52 160.51
316.05 164.78
318.52 169.06
323.46 169.06
325.93 164.78
328.40 169.06
333.33 169.06
335.80 164.78
333.33 160.51
338.27 160.51
340.74 156.23
338.27 151.95
333.33 151.95
335.80 147.68
333.33 143.40
338.27 143.40
340.74 139.12
343.21 143.40
348.15 143.40
350.62 139.12
348.15 134.85
353.09 134.85
355.56 130.57
353.09 126.29
348.15 126.29
350.62 122.02
348.15 117.74
343.21 117.74
340.74 122.02
338.27 117.74
333.33 117.74
335.80 113.46
333.33 109.19
338.27 109.19
340.74 104.91
338.27 100.63
333.33 100.63
335.80 96.36
333.33 92.08
338.27 92.08
340.74 87.80
343.21 92.08
348.15 92.08
350.62 87.80
348.15 83.53
353.09 83.53
355.56 79.25
358.02 83.53
362.96 83.53
360.49 87.80
362.96 92.08
367.90 92.08
370.37 87.80
372.84 92.08
377.78 92.08
380.25 87.80
377.78 83.53
382.72 83.53
385.19 79.25
382.72 74.97
377.78 74.97
380.25 70.70
377.78 66.42
382.72 66.42
385.19 62.14
387.65 66.42
392.59 66.42
395.06 62.14
392.59 57.87
397.53 57.87
400.00 53.59
402.47 57.87
407.41 57.87
404.94 62.14
407.41 66.42
412.35 66.42
414.81 62.14
417.28 66.42
422.22 66.42
419.75 70.70
422.22 74.97
417.28 74.97
414.81 79.25
417.28 83.53
422.22 83.53
419.75 87.80
422.22 92.08
427.16 92.08
429.63 87.80
432.10 92.08
437.04 92.08
439.51 87.80
437.04 83.53
441.98 83.53
444.44 79.25
446.91 83.53
451.85 83.53
449.38 87.80
451.85 92.08
456.79 92.08
459.26 87.80
461.73 92.08
466.67 92.08
464.20 96.36
466.67 100.63
461.73 100.63
459.26 104.91
461.73 109.19
466.67 109.19
464.20 113.46
466.67 117.74
461.73 117.74
459.26 122.02
456.79 117.74
451.85 117.74
449.38 122.02
451.85 126.29
446.91 126.29
444.44 130.57
446.91 134.85
451.85 134.85
449.38 139.12
451.85 143.40
456.79 143.40
459.26 139.12
461.73 143.40
466.67 143.40
464.20 147.68
466.67 151.95
461.73 151.95
459.26 156.23
461.73 160.51
466.67 160.51
464.20 164.78
466.67 169.06
471.60 169.06
474.07 164.78
476.54 169.06
481.48 169.06
483.95 164.78
481.48 160.51
486.42 160.51
488.89 156.23
491.36 160.51
496.30 160.51
493.83 164.78
496.30 169.06
501.23 169.06
503.70 164.78
506.17 169.06
511.11 169.06
513.58 164.78
511.11 160.51
516.05 160.51
518.52 156.23
516.05 151.95
511.11 151.95
513.58 147.68
511.11 143.40
516.05 143.40
518.52 139.12
520.99 143.40
525.93 143.40
528.40 139.12
525.93 134.85
530.86 134.85
533.33 130.57
535.80 134.85
540.74 134.85
538.27 139.12
540.74 143.40
545.68 143.40
548.15 139.12
550.62 143.40
555.56 143.40
553.09 147.68
555.56 151.95
550.62 151.95
548.15 156.23
550.62 160.51
555.56 160.51
553.09 164.78
555.56 169.06
560.49 169.06
562.96 164.78
565.43 169.06
570.37 169.06
572.84 164.78
570.37 160.51
575.31 160.51
577.78 156.23
580.25 160.51
585.19 160.51
582.72 164.78
585.19 169.06
590.12 169.06
592.59 164.78
595.06 169.06
600.00 169.06
597.53 173.34
600.00 177.61
595.06 177.61
592.59 181.89
595.06 186.17
600.00 186.17
597.53 190.44
600.00 194.72
595.06 194.72
592.59 199.00
590.12 194.72
585.19 194.72
582.72 199.00
585.19 203.27
580.25 203.27
577.78 207.55
580.25 211.83
585.19 211.83
582.72 216.10
585.19 220.38
590.12 220.38
592.59 216.10
595.06 220.38
600.00 220.38
597.53 224.66
600.00 228.93
595.06 228.93
592.59 233.21
595.06 237.49
600.00 237.49
597.53 241.76
600.00 246.04
595.06 246.04
592.59 250.32
590.12 246.04
585.19 246.04
582.72 250.32
585.19 254.59
580.25 254.59
577.78 258.87
575.31 254.59
570.37 254.59
572.84 250.32
570.37 246.04
565.43 246.04
562.96 250.32
560.49 246.04
555.56 246.04
553.09 250.32
555.56 254.59
550.62 254.59
548.15 258.87
550.62 263.15
555.56 263.15
553.09 267.42
555.56 271.70
550.62 271.70
548.15 275.98
545.68 271.70
540.74 271.70
538.27 275.98
540.74 280.25
535.80 280.25
533.33 284.53
535.80 288.81
540.74 288.81
538.27 293.08
540.74 297.36
545.68 297.36
548.15 293.08
550.62 297.36
555.56 297.36
553.09 301.64
555.56 305.91
550.62 305.91
548.15 310.19
550.62 314.47
555.56 314.47
553.09 318.74
555.56 323.02
560.49 323.02
562.96 318.74
565.43 323.02
570.37 323.02
572.84 318.74
570.37 314.47
575.31 314.47
577.78 310.19
580.25 314.47
585.19 314.47
582.72 318.74
585.19 323.02
590.12 323.02
592.59 318.74
595.06 323.02
600.00 323.02
597.53 327.30
600.00 331.57
595.06 331.57
592.59 335.85
595.06 340.13
600.00 340.13
597.53 344.40
600.00 348.68
595.06 348.68
592.59 352.96
590.12 348.68
585.19 348.68
582.72 352.96
585.19 357.23
580.25 357.23
577.78 361.51
580.25 365.79
585.19 365.79
582.72 370.06
585.19 374.34
590.12 374.34
592.59 370.06
595.06 374.34
600.00 374.34
597.53 378.62
600.00 382.89
595.06 382.89
592.59 387.17
595.06 391.45
600.00 391.45
597.53 395.72
600.00 400.00
595.06 400.00
592.59 404.28
590.12 400.00
585.19 400.00
582.72 404.28
585.19 408.55
580.25 408.55
577.78 412.83
575.31 408.55
570.37 408.55
572.84 404.28
570.37 400.00
565.43 400.00
562.96 404.28
560.49 400.00
555.56 400.00
553.09 404.28
555.56 408.55
550.62 408.55
548.15 412.83
550.62 417.11
555.56 417.11
553.09 421.38
555.56 425.66
550.62 425.66
548.15 429.94
545.68 425.66
540.74 425.66
538.27 429.94
540.74 434.21
535.80 434.21
533.33 438.49
530.86 434.21
525.93 434.21
528.40 429.94
525.93 425.66
520.99 425.66
518.52 429.94
516.05 425.66
511.11 425.66
513.58 421.38
511.11 417.11
516.05 417.11
518.52 412.83
516.05 408.55
511.11 408.55
513.58 404.28
511.11 400.00
506.17 400.00
503.70 404.28
501.23 400.00
496.30 400.00
493.83 404.28
496.30 408.55
491.36 408.55
488.89 412.83
486.42 408.55
481.48 408.55
483.95 404.28
481.48 400.00
476.54 400.00
474.07 404.28
471.60 400.00
466.67 400.00
464.20 404.28
466.67 408.55
461.73 408.55
459.26 412.83
461.73 417.11
466.67 417.11
464.20 421.38
466.67 425.66
461.73 425.66
459.26 429.94
456.79 425.66
451.85 425.66
449.38 429.94
451.85 434.21
446.91 434.21
444.44 438.49
446.91 442.77
451.85 442.77
449.38 447.04
451.85 451.32
456.79 451.32
459.26 447.04
461.73 451.32
466.67 451.32
464.20 455.60
466.67 459.87
461.73 459.87
459.26 464.15
461.73 468.43
466.67 468.43
464.20 472.70
466.67 476.98
461.73 476.98
459.26 481.26
456.79 476.98
451.85 476.98
449.38 481.26
451.85 485.53
446.91 485.53
444.44 489.81
441.98 485.53
437.04 485.53
439.51 481.26
437.04 476.98
432.10 476.98
429.63 481.26
427.16 476.98
422.22 476.98
419.75 481.26
422.22 485.53
417.28 485.53
414.81 489.81
417.28 494.09
422.22 494.09
419.75 498.36
422.22 502.64
417.28 502.64
414.81 506.92
412.35 502.64
407.41 502.64
404.94 506.92
407.41 511.19
402.47 511.19
400.00 515.47
397.53 511.19
392.59 511.19
395.06 506.92
392.59 502.64
387.65 502.64
385.19 506.92
382.72 502.64
377.78 502.64
380.25 498.36
377.78 494.09
382.72 494.09
385.19 489.81
382.72 485.53
377.78 485.53
380.25 481.26
377.78 476.98
372.84 476.98
370.37 481.26
367.90 476.98
362.96 476.98
360.49 481.26
362.96 485.53
358.02 485.53
355.56 489.81
353.09 485.53
348.15 485.53
350.62 481.26
348.15 476.98
343.21 476.98
340.74 481.26
338.27 476.98
333.33 476.98
335.80 472.70
333.33 468.43
338.27 468.43
340.74 464.15
338.27 459.87
333.33 459.87
335.80 455.60
333.33 451.32
338.27 451.32
340.74 447.04
343.21 451.32
348.15 451.32
350.62 447.04
348.15 442.77
353.09 442.77
355.56 438.49
353.09 434.21
348.15 434.21
350.62 429.94
348.15 425.66
343.21 425.66
340.74 429.94
338.27 425.66
333.33 425.66
335.80 421.38
333.33 417.11
338.27 417.11
340.74 412.83
338.27 408.55
333.33 408.55
335.80 404.28
333.33 400.00
328.40 400.00
325.93 404.28
323.46 400.00
318.52 400.00
316.05 404.28
318.52 408.55
313.58 408.55
311.11 412.83
308.64 408.55
303.70 408.55
306.17 404.28
303.70 400.00
298.77 400.00
296.30 404.28
293.83 400.00
288.89 400.00
286.42 404.28
288.89 408.55
283.95 408.55
281.48 412.83
283.95 417.11
288.89 417.11
286.42 421.38
288.89 425.66
283.95 425.66
281.48 429.94
279.01 425.66
274.07 425.66
271.60 429.94
274.07 434.21
269.14 434.21
266.67 438.49
264.20 434.21
259.26 434.21
261.73 429.94
259.26 425.66
254.32 425.66
251.85 429.94
249.38 425.66
244.44 425.66
246.91 421.38
244.44 417.11
249.38 417.11
251.85 412.83
249.38 408.55
244.44 408.55
246.91 404.28
244.44 400.00
239.51 400.00
237.04 404.28
234.57 400.00
229.63 400.00
227.16 404.28
229.63 408.55
224.69 408.55
222.22 412.83
219.75 408.55
214.81 408.55
217.28 404.28
214.81 400.00
209.88 400.00
207.41 404.28
204.94 400.00
