100.00 100.00
161.72 -6.91
100.00 -113.81
223.44 -113.81
285.17 -220.72
223.44 -327.62
100.00 -327.62
161.72 -434.53
100.00 -541.44
223.44 -541.44
285.17 -648.34
346.89 -541.44
470.33 -541.44
532.06 -648.34
470.33 -755.25
593.78 -755.25
655.50 -862.15
717.22 -755.25
840.67 -755.25
778.94 -648.34
840.67 -541.44
964.11 -541.44
1025.83 -648.34
1087.56 -541.44
1211.00 -541.44
1149.28 -434.53
1211.00 -327.62
1087.56 -327.62
1025.83 -220.72
1087.56 -113.81
1211.00 -113.81
1149.28 -6.91
1211.00 100.00
1087.56 100.00
1025.83 206.91
964.11 100.00
840.67 100.00
778.94 206.91
840.67 313.81
717.22 313.81
655.50 420.72
593.78 313.81
470.33 313.81
532.06 206.91
470.33 100.00
346.89 100.00
285.17 206.91
223.44 100.00
