100.00 100.00
103.70 93.58
100.00 87.17
107.41 87.17
111.11 80.75
107.41 74.34
100.00 74.34
103.70 67.92
100.00 61.51
107.41 61.51
111.11 55.09
114.81 61.51
122.22 61.51
125.93 55.09
122.22 48.68
129.63 48.68
133.33 42.26
129.63 35.85
122.22 35.85
125.93 29.43
122.22 23.02
114.81 23.02
111.11 29.43
107.41 23.02
100.00 23.02
103.70 16.60
100.00 10.19
107.41 10.19
111.11 3.77
107.41 -2.64
100.00 -2.64
103.70 -9.06
100.00 -15.47
107.41 -15.47
111.11 -21.89
114.81 -15.47
122.22 -15.47
125.93 -21.89
122.22 -28.30
129.63 -28.30
133.33 -34.72
137.04 -28.30
144.44 -28.30
140.74 -21.89
144.44 -15.47
151.85 -15.47
155.56 -21.89
159.26 -15.47
166.67 -15.47
170.37 -21.89
166.67 -28.30
174.07 -28.30
177.78 -34.72
174.07 -41.13
166.67 -41.13
170.37 -47.55
166.67 -53.96
174.07 -53.96
177.78 -60.38
181.48 -53.96
188.89 -53.96
192.59 -60.38
188.89 -66.79
196.30 -66.79
200.00 -73.21
203.70 -66.79
211.11 -66.79
207.41 -60.38
211.11 -53.96
218.52 -53.96
222.22 -60.38
225.93 -53.96
233.33 -53.96
229.63 -47.55
233.33 -41.13
225.93 -41.13
222.22 -34.72
225.93 -28.30
233.33 -28.30
229.63 -21.89
233.33 -15.47
240.74 -15.47
244.44 -21.89
248.15 -15.47
255.56 -15.47
259.26 -21.89
255.56 -28.30
262.96 -28.30
266.67 -34.72
270.37 -28.30
277.78 -28.30
274.07 -21.89
277.78 -15.47
285.19 -15.47
288.89 -21.89
292.59 -15.47
300.00 -15.47
296.30 -9.06
300.00 -2.64
292.59 -2.64
288.89 3.77
292.59 10.19
300.00 10.19
296.30 16.60
300.00 23.02
292.59 23.02
288.89 29.43
285.19 23.02
277.78 23.02
274.07 29.43
277.78 35.85
270.37 35.85
266.67 42.26
270.37 48.68
277.78 48.68
274.07 55.09
277.78 61.51
285.19 61.51
288.89 55.09
292.59 61.51
300.00 61.51
296.30 67.92
300.00 74.34
292.59 74.34
288.89 80.75
292.59 87.17
300.00 87.17
296.30 93.58
300.00 100.00
292.59 100.00
288.89 106.42
285.19 100.00
277.78 100.00
274.07 106.42
277.78 112.83
270.37 112.83
266.67 119.25
262.96 112.83
255.56 112.83
259.26 106.42
255.56 100.00
248.15 100.00
244.44 106.42
240.74 100.00
233.33 100.00
229.63 106.42
233.33 112.83
225.93 112.83
222.22 119.25
225.93 125.66
233.33 125.66
229.63 132.08
233.33 138.49
225.93 138.49
222.22 144.91
218.52 138.49
211.11 138.49
207.41 144.91
211.11 151.32
203.70 151.32
200.00 157.74
196.30 151.32
188.89 151.32
192.59 144.91
188.89 138.49
181.48 138.49
177.78 144.91
174.07 138.49
166.67 138.49
170.37 132.08
166.67 125.66
174.07 125.66
177.78 119.25
174.07 112.83
166.67 112.83
170.37 106.42
166.67 100.00
159.26 100.00
155.56 106.42
151.85 100.00
144.44 100.00
140.74 106.42
144.44 112.83
137.04 112.83
133.33 119.25
129.63 112.83
122.22 112.83
125.93 106.42
122.22 100.00
114.81 100.00
111.11 106.42
107.41 100.00
