100.00 150.00
109.26 133.96
100.00 117.92
118.52 117.92
127.78 101.89
118.52 85.85
100.00 85.85
109.26 69.81
100.00 53.77
118.52 53.77
127.78 37.74
137.04 53.77
155.56 53.77
164.81 37.74
155.56 21.70
174.07 21.70
183.33 5.66
174.07 -10.38
155.56 -10.38
164.81 -26.41
155.56 -42.45
137.04 -42.45
127.78 -26.41
118.52 -42.45
100.00 -42.45
109.26 -58.49
100.00 -74.53
118.52 -74.53
127.78 -90.56
118.52 -106.60
100.00 -106.60
109.26 -122.64
100.00 -138.68
118.52 -138.68
127.78 -154.71
137.04 -138.68
155.56 -138.68
164.81 -154.71
155.56 -170.75
174.07 -170.75
183.33 -186.79
192.59 -170.75
211.11 -170.75
201.85 -154.71
211.11 -138.68
229.63 -138.68
238.89 -154.71
248.15 -138.68
266.67 -138.68
275.93 -154.71
266.67 -170.75
285.19 -170.75
294.44 -186.79
285.19 -202.83
266.67 -202.83
275.93 -218.86
266.67 -234.90
285.19 -234.90
294.44 -250.94
303.70 -234.90
322.22 -234.90
331.48 -250.94
322.22 -266.98
340.74 -266.98
350.00 -283.01
359.26 -266.98
377.78 -266.98
368.52 -250.94
377.78 -234.90
396.30 -234.90
405.56 -250.94
414.81 -234.90
433.33 -234.90
424.07 -218.86
433.33 -202.83
414.81 -202.83
405.56 -186.79
414.81 -170.75
433.33 -170.75
424.07 -154.71
433.33 -138.68
451.85 -138.68
461.11 -154.71
470.37 -138.68
488.89 -138.68
498.15 -154.71
488.89 -170.75
507.41 -170.75
516.67 -186.79
525.93 -170.75
544.44 -170.75
535.19 -154.71
544.44 -138.68
562.96 -138.68
572.22 -154.71
581.48 -138.68
600.00 -138.68
590.74 -122.64
600.00 -106.60
581.48 -106.60
572.22 -90.56
581.48 -74.53
600.00 -74.53
590.74 -58.49
600.00 -42.45
581.48 -42.45
572.22 -26.41
562.96 -42.45
544.44 -42.45
535.19 -26.41
544.44 -10.38
525.93 -10.38
516.67 5.66
525.93 21.70
544.44 21.70
535.19 37.74
544.44 53.77
562.96 53.77
572.22 37.74
581.48 53.77
600.00 53.77
590.74 69.81
600.00 85.85
581.48 85.85
572.22 101.89
581.48 117.92
600.00 117.92
590.74 133.96
600.00 150.00
581.48 150.00
572.22 166.04
562.96 150.00
544.44 150.00
535.19 166.04
544.44 182.08
525.93 182.08
516.67 198.11
507.41 182.08
488.89 182.08
498.15 166.04
488.89 150.00
470.37 150.00
461.11 166.04
451.85 150.00
433.33 150.00
424.07 166.04
433.33 182.08
414.81 182.08
405.56 198.11
414.81 214.15
433.33 214.15
424.07 230.19
433.33 246.23
414.81 246.23
405.56 262.26
396.30 246.23
377.78 246.23
368.52 262.26
377.78 278.30
359.26 278.30
350.00 294.34
340.74 278.30
322.22 278.30
331.48 262.26
322.22 246.23
303.70 246.23
294.44 262.26
285.19 246.23
266.67 246.23
275.93 230.19
266.67 214.15
285.19 214.15
294.44 198.11
285.19 182.08
266.67 182.08
275.93 166.04
266.67 150.00
248.15 150.00
238.89 166.04
229.63 150.00
211.11 150.00
201.85 166.04
211.11 182.08
192.59 182.08
183.33 198.11
174.07 182.08
155.56 182.08
164.81 166.04
155.56 150.00
137.04 150.00
127.78 166.04
118.52 150.00
