100.00 450.00
125.00 406.70
100.00 363.40
150.00 363.40
175.00 320.10
150.00 276.79
100.00 276.79
125.00 233.49
100.00 190.19
150.00 190.19
175.00 146.89
200.00 190.19
250.00 190.19
275.00 146.89
250.00 103.59
300.00 103.59
325.00 60.29
350.00 103.59
400.00 103.59
375.00 146.89
400.00 190.19
450.00 190.19
475.00 146.89
500.00 190.19
550.00 190.19
525.00 233.49
550.00 276.79
500.00 276.79
475.00 320.10
500.00 363.40
550.00 363.40
525.00 406.70
550.00 450.00
500.00 450.00
475.00 493.30
450.00 450.00
400.00 450.00
375.00 493.30
400.00 536.60
350.00 536.60
325.00 579.90
300.00 536.60
250.00 536.60
275.00 493.30
250.00 450.00
200.00 450.00
175.00 493.30
150.00 450.00
