100.00 100.00
125.00 56.70
100.00 13.40
150.00 13.40
175.00 -29.90
150.00 -73.21
100.00 -73.21
125.00 -116.51
100.00 -159.81
150.00 -159.81
175.00 -203.11
200.00 -159.81
250.00 -159.81
275.00 -203.11
250.00 -246.41
300.00 -246.41
325.00 -289.71
350.00 -246.41
400.00 -246.41
375.00 -203.11
400.00 -159.81
450.00 -159.81
475.00 -203.11
500.00 -159.81
550.00 -159.81
525.00 -116.51
550.00 -73.21
500.00 -73.21
475.00 -29.90
500.00 13.40
550.00 13.40
525.00 56.70
550.00 100.00
500.00 100.00
475.00 143.30
450.00 100.00
400.00 100.00
375.00 143.30
400.00 186.60
350.00 186.60
325.00 229.90
300.00 186.60
250.00 186.60
275.00 143.30
250.00 100.00
200.00 100.00
175.00 143.30
150.00 100.00
