100.00 400.00
102.78 395.19
100.00 390.38
105.56 390.38
108.33 385.57
105.56 380.75
100.00 380.75
102.78 375.94
100.00 371.13
105.56 371.13
108.33 366.32
111.11 371.13
116.67 371.13
119.44 366.32
116.67 361.51
122.22 361.51
125.00 356.70
122.22 351.89
116.67 351.89
119.44 347.08
116.67 342.26
111.11 342.26
108.33 347.08
105.56 342.26
100.00 342.26
102.78 337.45
100.00 332.64
105.56 332.64
108.33 327.83
105.56 323.02
100.00 323.02
102.78 318.21
100.00 313.40
105.56 313.40
108.33 308.59
111.11 313.40
116.67 313.40
119.44 308.59
116.67 303.77
122.22 303.77
125.00 298.96
127.78 303.77
133.33 303.77
130.56 308.59
133.33 313.40
138.89 313.40
141.67 308.59
144.44 313.40
150.00 313.40
152.78 308.59
150.00 303.77
155.56 303.77
158.33 298.96
155.56 294.15
150.00 294.15
152.78 289.34
150.00 284.53
155.56 284.53
158.33 279.72
161.11 284.53
166.67 284.53
169.44 279.72
166.67 274.91
172.22 274.91
175.00 270.10
172.22 265.28
166.67 265.28
169.44 260.47
166.67 255.66
161.11 255.66
158.33 260.47
155.56 255.66
150.00 255.66
152.78 250.85
150.00 246.04
155.56 246.04
158.33 241.23
155.56 236.42
150.00 236.42
152.78 231.61
150.00 226.79
144.44 226.79
141.67 231.61
138.89 226.79
133.33 226.79
130.56 231.61
133.33 236.42
127.78 236.42
125.00 241.23
122.22 236.42
116.67 236.42
119.44 231.61
116.67 226.79
111.11 226.79
108.33 231.61
105.56 226.79
100.00 226.79
102.78 221.98
100.00 217.17
105.56 217.17
108.33 212.36
105.56 207.55
100.00 207.55
102.78 202.74
100.00 197.93
105.56 197.93
108.33 193.12
111.11 197.93
116.67 197.93
119.44 193.12
116.67 188.30
122.22 188.30
125.00 183.49
122.22 178.68
116.67 178.68
119.44 173.87
116.67 169.06
111.11 169.06
108.33 173.87
105.56 169.06
100.00 169.06
102.78 164.25
100.00 159.44
105.56 159.44
108.33 154.63
105.56 149.81
100.00 149.81
102.78 145.00
100.00 140.19
105.56 140.19
108.33 135.38
111.11 140.19
116.67 140.19
119.44 135.38
116.67 130.57
122.22 130.57
125.00 125.76
127.78 130.57
133.33 130.57
130.56 135.38
133.33 140.19
138.89 140.19
141.67 135.38
144.44 140.19
150.00 140.19
152.78 135.38
150.00 130.57
155.56 130.57
158.33 125.76
155.56 120.95
150.00 120.95
152.78 116.14
150.00 111.32
155.56 111.32
158.33 106.51
161.11 111.32
166.67 111.32
169.44 106.51
166.67 101.70
172.22 101.70
175.00 96.89
177.78 101.70
183.33 101.70
180.56 106.51
183.33 111.32
188.89 111.32
191.67 106.51
194.44 111.32
200.00 111.32
197.22 116.14
200.00 120.95
194.44 120.95
191.67 125.76
194.44 130.57
200.00 130.57
197.22 135.38
200.00 140.19
205.56 140.19
208.33 135.38
211.11 140.19
216.67 140.19
219.44 135.38
216.67 130.57
222.22 130.57
225.00 125.76
227.78 130.57
233.33 130.57
230.56 135.38
233.33 140.19
238.89 140.19
241.67 135.38
244.44 140.19
250.00 140.19
252.78 135.38
250.00 130.57
255.56 130.57
258.33 125.76
255.56 120.95
250.00 120.95
252.78 116.14
250.00 111.32
255.56 111.32
258.33 106.51
261.11 111.32
266.67 111.32
269.44 106.51
266.67 101.70
272.22 101.70
275.00 96.89
272.22 92.08
266.67 92.08
269.44 87.27
266.67 82.46
261.11 82.46
258.33 87.27
255.56 82.46
250.00 82.46
252.78 77.65
250.00 72.83
255.56 72.83
258.33 68.02
255.56 63.21
250.00 63.21
252.78 58.40
250.00 53.59
255.56 53.59
258.33 48.78
261.11 53.59
266.67 53.59
269.44 48.78
266.67 43.97
272.22 43.97
275.00 39.16
277.78 43.97
283.33 43.97
280.56 48.78
283.33 53.59
288.89 53.59
291.67 48.78
294.44 53.59
300.00 53.59
302.78 48.78
300.00 43.97
305.56 43.97
308.33 39.16
305.56 34.34
300.00 34.34
302.78 29.53
300.00 24.72
305.56 24.72
308.33 19.91
311.11 24.72
316.67 24.72
319.44 19.91
316.67 15.10
322.22 15.10
325.00 10.29
327.78 15.10
333.33 15.10
330.56 19.91
333.33 24.72
338.89 24.72
341.67 19.91
344.44 24.72
350.00 24.72
347.22 29.53
350.00 34.34
344.44 34.34
341.67 39.16
344.44 43.97
350.00 43.97
347.22 48.78
350.00 53.59
355.56 53.59
358.33 48.78
361.11 53.59
366.67 53.59
369.44 48.78
366.67 43.97
372.22 43.97
375.00 39.16
377.78 43.97
383.33 43.97
380.56 48.78
383.33 53.59
388.89 53.59
391.67 48.78
394.44 53.59
400.00 53.59
397.22 58.40
400.00 63.21
394.44 63.21
391.67 68.02
394.44 72.83
400.00 72.83
397.22 77.65
400.00 82.46
394.44 82.46
391.67 87.27
388.89 82.46
383.33 82.46
380.56 87.27
383.33 92.08
377.78 92.08
375.00 96.89
377.78 101.70
383.33 101.70
380.56 106.51
383.33 111.32
388.89 111.32
391.67 106.51
394.44 111.32
400.00 111.32
397.22 116.14
400.00 120.95
394.44 120.95
391.67 125.76
394.44 130.57
400.00 130.57
397.22 135.38
400.00 140.19
405.56 140.19
408.33 135.38
411.11 140.19
416.67 140.19
419.44 135.38
416.67 130.57
422.22 130.57
425.00 125.76
427.78 130.57
433.33 130.57
430.56 135.38
433.33 140.19
438.89 140.19
441.67 135.38
444.44 140.19
450.00 140.19
452.78 135.38
450.00 130.57
455.56 130.57
458.33 125.76
455.56 120.95
450.00 120.95
452.78 116.14
450.00 111.32
455.56 111.32
458.33 106.51
461.11 111.32
466.67 111.32
469.44 106.51
466.67 101.70
472.22 101.70
475.00 96.89
477.78 101.70
483.33 101.70
480.56 106.51
483.33 111.32
488.89 111.32
491.67 106.51
494.44 111.32
500.00 111.32
497.22 116.14
500.00 120.95
494.44 120.95
491.67 125.76
494.44 130.57
500.00 130.57
497.22 135.38
500.00 140.19
505.56 140.19
508.33 135.38
511.11 140.19
516.67 140.19
519.44 135.38
516.67 130.57
522.22 130.57
525.00 125.76
527.78 130.57
533.33 130.57
530.56 135.38
533.33 140.19
538.89 140.19
541.67 135.38
544.44 140.19
550.00 140.19
547.22 145.00
550.00 149.81
544.44 149.81
541.67 154.63
544.44 159.44
550.00 159.44
547.22 164.25
550.00 169.06
544.44 169.06
541.67 173.87
538.89 169.06
533.33 169.06
530.56 173.87
533.33 178.68
527.78 178.68
525.00 183.49
527.78 188.30
533.33 188.30
530.56 193.12
533.33 197.93
538.89 197.93
541.67 193.12
544.44 197.93
550.00 197.93
547.22 202.74
550.00 207.55
544.44 207.55
541.67 212.36
544.44 217.17
550.00 217.17
547.22 221.98
550.00 226.79
544.44 226.79
541.67 231.61
538.89 226.79
533.33 226.79
530.56 231.61
533.33 236.42
527.78 236.42
525.00 241.23
522.22 236.42
516.67 236.42
519.44 231.61
516.67 226.79
511.11 226.79
508.33 231.61
505.56 226.79
500.00 226.79
497.22 231.61
500.00 236.42
494.44 236.42
491.67 241.23
494.44 246.04
500.00 246.04
497.22 250.85
500.00 255.66
494.44 255.66
491.67 260.47
488.89 255.66
483.33 255.66
480.56 260.47
483.33 265.28
477.78 265.28
475.00 270.10
477.78 274.91
483.33 274.91
480.56 279.72
483.33 284.53
488.89 284.53
491.67 279.72
494.44 284.53
500.00 284.53
497.22 289.34
500.00 294.15
494.44 294.15
491.67 298.96
494.44 303.77
500.00 303.77
497.22 308.59
500.00 313.40
505.56 313.40
508.33 308.59
511.11 313.40
516.67 313.40
519.44 308.59
516.67 303.77
522.22 303.77
525.00 298.96
527.78 303.77
533.33 303.77
530.56 308.59
533.33 313.40
538.89 313.40
541.67 308.59
544.44 313.40
550.00 313.40
547.22 318.21
550.00 323.02
544.44 323.02
541.67 327.83
544.44 332.64
550.00 332.64
547.22 337.45
550.00 342.26
544.44 342.26
541.67 347.08
538.89 342.26
533.33 342.26
530.56 347.08
533.33 351.89
527.78 351.89
525.00 356.70
527.78 361.51
533.33 361.51
530.56 366.32
533.33 371.13
538.89 371.13
541.67 366.32
544.44 371.13
550.00 371.13
547.22 375.94
550.00 380.75
544.44 380.75
541.67 385.57
544.44 390.38
550.00 390.38
547.22 395.19
550.00 400.00
544.44 400.00
541.67 404.81
538.89 400.00
533.33 400.00
530.56 404.81
533.33 409.62
527.78 409.62
525.00 414.43
522.22 409.62
516.67 409.62
519.44 404.81
516.67 400.00
511.11 400.00
508.33 404.81
505.56 400.00
500.00 400.00
497.22 404.81
500.00 409.62
494.44 409.62
491.67 414.43
494.44 419.25
500.00 419.25
497.22 424.06
500.00 428.87
494.44 428.87
491.67 433.68
488.89 428.87
483.33 428.87
480.56 433.68
483.33 438.49
477.78 438.49
475.00 443.30
472.22 438.49
466.67 438.49
469.44 433.68
466.67 428.87
461.11 428.87
458.33 433.68
455.56 428.87
450.00 428.87
452.78 424.06
450.00 419.25
455.56 419.25
458.33 414.43
455.56 409.62
450.00 409.62
452.78 404.81
450.00 400.00
444.44 400.00
441.67 404.81
438.89 400.00
433.33 400.00
430.56 404.81
433.33 409.62
427.78 409.62
425.00 414.43
422.22 409.62
416.67 409.62
419.44 404.81
416.67 400.00
411.11 400.00
408.33 404.81
405.56 400.00
400.00 400.00
397.22 404.81
400.00 409.62
394.44 409.62
391.67 414.43
394.44 419.25
400.00 419.25
397.22 424.06
400.00 428.87
394.44 428.87
391.67 433.68
388.89 428.87
383.33 428.87
380.56 433.68
383.33 438.49
377.78 438.49
375.00 443.30
377.78 448.11
383.33 448.11
380.56 452.92
383.33 457.74
388.89 457.74
391.67 452.92
394.44 457.74
400.00 457.74
397.22 462.55
400.00 467.36
394.44 467.36
391.67 472.17
394.44 476.98
400.00 476.98
397.22 481.79
400.00 486.60
394.44 486.60
391.67 491.41
388.89 486.60
383.33 486.60
380.56 491.41
383.33 496.23
377.78 496.23
375.00 501.04
372.22 496.23
366.67 496.23
369.44 491.41
366.67 486.60
361.11 486.60
358.33 491.41
355.56 486.60
350.00 486.60
347.22 491.41
350.00 496.23
344.44 496.23
341.67 501.04
344.44 505.85
350.00 505.85
347.22 510.66
350.00 515.47
344.44 515.47
341.67 520.28
338.89 515.47
333.33 515.47
330.56 520.28
333.33 525.09
327.78 525.09
325.00 529.90
322.22 525.09
316.67 525.09
319.44 520.28
316.67 515.47
311.11 515.47
308.33 520.28
305.56 515.47
300.00 515.47
302.78 510.66
300.00 505.85
305.56 505.85
308.33 501.04
305.56 496.23
300.00 496.23
302.78 491.41
300.00 486.60
294.44 486.60
291.67 491.41
288.89 486.60
283.33 486.60
280.56 491.41
283.33 496.23
277.78 496.23
275.00 501.04
272.22 496.23
266.67 496.23
269.44 491.41
266.67 486.60
261.11 486.60
258.33 491.41
255.56 486.60
250.00 486.60
252.78 481.79
250.00 476.98
255.56 476.98
258.33 472.17
255.56 467.36
250.00 467.36
252.78 462.55
250.00 457.74
255.56 457.74
258.33 452.92
261.11 457.74
266.67 457.74
269.44 452.92
266.67 448.11
272.22 448.11
275.00 443.30
272.22 438.49
266.67 438.49
269.44 433.68
266.67 428.87
261.11 428.87
258.33 433.68
255.56 428.87
250.00 428.87
252.78 424.06
250.00 419.25
255.56 419.25
258.33 414.43
255.56 409.62
250.00 409.62
252.78 404.81
250.00 400.00
244.44 400.00
241.67 404.81
238.89 400.00
233.33 400.00
230.56 404.81
233.33 409.62
227.78 409.62
225.00 414.43
222.22 409.62
216.67 409.62
219.44 404.81
216.67 400.00
211.11 400.00
208.33 404.81
205.56 400.00
200.00 400.00
197.22 404.81
200.00 409.62
194.44 409.62
191.67 414.43
194.44 419.25
200.00 419.25
197.22 424.06
200.00 428.87
194.44 428.87
191.67 433.68
188.89 428.87
183.33 428.87
180.56 433.68
183.33 438.49
177.78 438.49
175.00 443.30
172.22 438.49
166.67 438.49
169.44 433.68
166.67 428.87
161.11 428.87
158.33 433.68
155.56 428.87
150.00 428.87
152.78 424.06
150.00 419.25
155.56 419.25
158.33 414.43
155.56 409.62
150.00 409.62
152.78 404.81
150.00 400.00
144.44 400.00
141.67 404.81
138.89 400.00
133.33 400.00
130.56 404.81
133.33 409.62
127.78 409.62
125.00 414.43
122.22 409.62
116.67 409.62
119.44 404.81
116.67 400.00
111.11 400.00
108.33 404.81
105.56 400.00
