100.00 435.00
109.26 418.96
100.00 402.92
118.52 402.92
127.78 386.89
118.52 370.85
100.00 370.85
109.26 354.81
100.00 338.77
118.52 338.77
127.78 322.74
137.04 338.77
155.56 338.77
164.81 322.74
155.56 306.70
174.07 306.70
183.33 290.66
174.07 274.62
155.56 274.62
164.81 258.59
155.56 242.55
137.04 242.55
127.78 258.59
118.52 242.55
100.00 242.55
109.26 226.51
100.00 210.47
118.52 210.47
127.78 194.44
118.52 178.40
100.00 178.40
109.26 162.36
100.00 146.32
118.52 146.32
127.78 130.29
137.04 146.32
155.56 146.32
164.81 130.29
155.56 114.25
174.07 114.25
183.33 98.21
192.59 114.25
211.11 114.25
201.85 130.29
211.11 146.32
229.63 146.32
238.89 130.29
248.15 146.32
266.67 146.32
275.93 130.29
266.67 114.25
285.19 114.25
294.44 98.21
285.19 82.17
266.67 82.17
275.93 66.14
266.67 50.10
285.19 50.10
294.44 34.06
303.70 50.10
322.22 50.10
331.48 34.06
322.22 18.02
340.74 18.02
350.00 1.99
359.26 18.02
377.78 18.02
368.52 34.06
377.78 50.10
396.30 50.10
405.56 34.06
414.81 50.10
433.33 50.10
424.07 66.14
433.33 82.17
414.81 82.17
405.56 98.21
414.81 114.25
433.33 114.25
424.07 130.29
433.33 146.32
451.85 146.32
461.11 130.29
470.37 146.32
488.89 146.32
498.15 130.29
488.89 114.25
507.41 114.25
516.67 98.21
525.93 114.25
544.44 114.25
535.19 130.29
544.44 146.32
562.96 146.32
572.22 130.29
581.48 146.32
600.00 146.32
590.74 162.36
600.00 178.40
581.48 178.40
572.22 194.44
581.48 210.47
600.00 210.47
590.74 226.51
600.00 242.55
581.48 242.55
572.22 258.59
562.96 242.55
544.44 242.55
535.19 258.59
544.44 274.62
525.93 274.62
516.67 290.66
525.93 306.70
544.44 306.70
535.19 322.74
544.44 338.77
562.96 338.77
572.22 322.74
581.48 338.77
600.00 338.77
590.74 354.81
600.00 370.85
581.48 370.85
572.22 386.89
581.48 402.92
600.00 402.92
590.74 418.96
600.00 435.00
581.48 435.00
572.22 451.04
562.96 435.00
544.44 435.00
535.19 451.04
544.44 467.08
525.93 467.08
516.67 483.11
507.41 467.08
488.89 467.08
498.15 451.04
488.89 435.00
470.37 435.00
461.11 451.04
451.85 435.00
433.33 435.00
424.07 451.04
433.33 467.08
414.81 467.08
405.56 483.11
414.81 499.15
433.33 499.15
424.07 515.19
433.33 531.23
414.81 531.23
405.56 547.26
396.30 531.23
377.78 531.23
368.52 547.26
377.78 563.30
359.26 563.30
350.00 579.34
340.74 563.30
322.22 563.30
331.48 547.26
322.22 531.23
303.70 531.23
294.44 547.26
285.19 531.23
266.67 531.23
275.93 515.19
266.67 499.15
285.19 499.15
294.44 483.11
285.19 467.08
266.67 467.08
275.93 451.04
266.67 435.00
248.15 435.00
238.89 451.04
229.63 435.00
211.11 435.00
201.85 451.04
211.11 467.08
192.59 467.08
183.33 483.11
174.07 467.08
155.56 467.08
164.81 451.04
155.56 435.00
137.04 435.00
127.78 451.04
118.52 435.00
