250.00 100.00
255.56 90.38
250.00 80.75
261.11 80.75
266.67 71.13
261.11 61.51
250.00 61.51
255.56 51.89
250.00 42.26
261.11 42.26
266.67 32.64
272.22 42.26
283.33 42.26
288.89 32.64
283.33 23.02
294.44 23.02
300.00 13.40
305.56 23.02
316.67 23.02
311.11 32.64
316.67 42.26
327.78 42.26
333.33 32.64
338.89 42.26
350.00 42.26
344.44 51.89
350.00 61.51
338.89 61.51
333.33 71.13
338.89 80.75
350.00 80.75
344.44 90.38
350.00 100.00
338.89 100.00
333.33 109.62
327.78 100.00
316.67 100.00
311.11 109.62
316.67 119.25
305.56 119.25
300.00 128.87
294.44 119.25
283.33 119.25
288.89 109.62
283.33 100.00
272.22 100.00
266.67 109.62
261.11 100.00
