100.00 300.00
111.11 280.75
100.00 261.51
122.22 261.51
133.33 242.26
122.22 223.02
100.00 223.02
111.11 203.77
100.00 184.53
122.22 184.53
133.33 165.28
144.44 184.53
166.67 184.53
177.78 165.28
166.67 146.04
188.89 146.04
200.00 126.79
211.11 146.04
233.33 146.04
222.22 165.28
233.33 184.53
255.56 184.53
266.67 165.28
277.78 184.53
300.00 184.53
288.89 203.77
300.00 223.02
277.78 223.02
266.67 242.26
277.78 261.51
300.00 261.51
288.89 280.75
300.00 300.00
277.78 300.00
266.67 319.25
255.56 300.00
233.33 300.00
222.22 319.25
233.33 338.49
211.11 338.49
200.00 357.74
188.89 338.49
166.67 338.49
177.78 319.25
166.67 300.00
144.44 300.00
133.33 319.25
122.22 300.00
