100.00 100.00
105.56 90.38
100.00 80.75
111.11 80.75
116.67 71.13
111.11 61.51
100.00 61.51
105.56 51.89
100.00 42.26
111.11 42.26
116.67 32.64
122.22 42.26
133.33 42.26
138.89 32.64
133.33 23.02
144.44 23.02
150.00 13.40
155.56 23.02
166.67 23.02
161.11 32.64
166.67 42.26
177.78 42.26
183.33 32.64
188.89 42.26
200.00 42.26
194.44 51.89
200.00 61.51
188.89 61.51
183.33 71.13
188.89 80.75
200.00 80.75
194.44 90.38
200.00 100.00
188.89 100.00
183.33 109.62
177.78 100.00
166.67 100.00
161.11 109.62
166.67 119.25
155.56 119.25
150.00 128.87
144.44 119.25
133.33 119.25
138.89 109.62
133.33 100.00
122.22 100.00
116.67 109.62
111.11 100.00
