100.00 1400.00
122.22 1361.51
100.00 1323.02
144.44 1323.02
166.67 1284.53
144.44 1246.04
100.00 1246.04
122.22 1207.55
100.00 1169.06
144.44 1169.06
166.67 1130.57
188.89 1169.06
233.33 1169.06
255.56 1130.57
233.33 1092.08
277.78 1092.08
300.00 1053.59
322.22 1092.08
366.67 1092.08
344.44 1130.57
366.67 1169.06
411.11 1169.06
433.33 1130.57
455.56 1169.06
500.00 1169.06
477.78 1207.55
500.00 1246.04
455.56 1246.04
433.33 1284.53
455.56 1323.02
500.00 1323.02
477.78 1361.51
500.00 1400.00
455.56 1400.00
433.33 1438.49
411.11 1400.00
366.67 1400.00
344.44 1438.49
366.67 1476.98
322.22 1476.98
300.00 1515.47
277.78 1476.98
233.33 1476.98
255.56 1438.49
233.33 1400.00
188.89 1400.00
166.67 1438.49
144.44 1400.00
