100.00 150.00
105.56 140.38
100.00 130.75
111.11 130.75
116.67 121.13
111.11 111.51
100.00 111.51
105.56 101.89
100.00 92.26
111.11 92.26
116.67 82.64
122.22 92.26
133.33 92.26
138.89 82.64
133.33 73.02
144.44 73.02
150.00 63.40
144.44 53.77
133.33 53.77
138.89 44.15
133.33 34.53
122.22 34.53
116.67 44.15
111.11 34.53
100.00 34.53
105.56 24.91
100.00 15.28
111.11 15.28
116.67 5.66
111.11 -3.96
100.00 -3.96
105.56 -13.58
100.00 -23.21
111.11 -23.21
116.67 -32.83
122.22 -23.21
133.33 -23.21
138.89 -32.83
133.33 -42.45
144.44 -42.45
150.00 -52.07
155.56 -42.45
166.67 -42.45
161.11 -32.83
166.67 -23.21
177.78 -23.21
183.33 -32.83
188.89 -23.21
200.00 -23.21
205.56 -32.83
200.00 -42.45
211.11 -42.45
216.67 -52.07
211.11 -61.70
200.00 -61.70
205.56 -71.32
200.00 -80.94
211.11 -80.94
216.67 -90.56
222.22 -80.94
233.33 -80.94
238.89 -90.56
233.33 -100.19
244.44 -100.19
250.00 -109.81
255.56 -100.19
266.67 -100.19
261.11 -90.56
266.67 -80.94
277.78 -80.94
283.33 -90.56
288.89 -80.94
300.00 -80.94
294.44 -71.32
300.00 -61.70
288.89 -61.70
283.33 -52.07
288.89 -42.45
300.00 -42.45
294.44 -32.83
300.00 -23.21
311.11 -23.21
316.67 -32.83
322.22 -23.21
333.33 -23.21
338.89 -32.83
333.33 -42.45
344.44 -42.45
350.00 -52.07
355.56 -42.45
366.67 -42.45
361.11 -32.83
366.67 -23.21
377.78 -23.21
383.33 -32.83
388.89 -23.21
400.00 -23.21
394.44 -13.58
400.00 -3.96
388.89 -3.96
383.33 5.66
388.89 15.28
400.00 15.28
394.44 24.91
400.00 34.53
388.89 34.53
383.33 44.15
377.78 34.53
366.67 34.53
361.11 44.15
366.67 53.77
355.56 53.77
350.00 63.40
355.56 73.02
366.67 73.02
361.11 82.64
366.67 92.26
377.78 92.26
383.33 82.64
388.89 92.26
400.00 92.26
394.44 101.89
400.00 111.51
388.89 111.51
383.33 121.13
388.89 130.75
400.00 130.75
394.44 140.38
400.00 150.00
388.89 150.00
383.33 159.62
377.78 150.00
366.67 150.00
361.11 159.62
366.67 169.25
355.56 169.25
350.00 178.87
344.44 169.25
333.33 169.25
338.89 159.62
333.33 150.00
322.22 150.00
316.67 159.62
311.11 150.00
300.00 150.00
294.44 159.62
300.00 169.25
288.89 169.25
283.33 178.87
288.89 188.49
300.00 188.49
294.44 198.11
300.00 207.74
288.89 207.74
283.33 217.36
277.78 207.74
266.67 207.74
261.11 217.36
266.67 226.98
255.56 226.98
250.00 236.60
244.44 226.98
233.33 226.98
238.89 217.36
233.33 207.74
222.22 207.74
216.67 217.36
211.11 207.74
200.00 207.74
205.56 198.11
200.00 188.49
211.11 188.49
216.67 178.87
211.11 169.25
200.00 169.25
205.56 159.62
200.00 150.00
188.89 150.00
183.33 159.62
177.78 150.00
166.67 150.00
161.11 159.62
166.67 169.25
155.56 169.25
150.00 178.87
144.44 169.25
133.33 169.25
138.89 159.62
133.33 150.00
122.22 150.00
116.67 159.62
111.11 150.00
