100.00 300.00
103.70 293.58
100.00 287.17
107.41 287.17
111.11 280.75
107.41 274.34
100.00 274.34
103.70 267.92
100.00 261.51
107.41 261.51
111.11 255.09
114.81 261.51
122.22 261.51
125.93 255.09
122.22 248.68
129.63 248.68
133.33 242.26
129.63 235.85
122.22 235.85
125.93 229.43
122.22 223.02
114.81 223.02
111.11 229.43
107.41 223.02
100.00 223.02
103.70 216.60
100.00 210.19
107.41 210.19
111.11 203.77
107.41 197.36
100.00 197.36
103.70 190.94
100.00 184.53
107.41 184.53
111.11 178.11
114.81 184.53
122.22 184.53
125.93 178.11
122.22 171.70
129.63 171.70
133.33 165.28
137.04 171.70
144.44 171.70
140.74 178.11
144.44 184.53
151.85 184.53
155.56 178.11
159.26 184.53
166.67 184.53
170.37 178.11
166.67 171.70
174.07 171.70
177.78 165.28
174.07 158.87
166.67 158.87
170.37 152.45
166.67 146.04
174.07 146.04
177.78 139.62
181.48 146.04
188.89 146.04
192.59 139.62
188.89 133.21
196.30 133.21
200.00 126.79
203.70 133.21
211.11 133.21
207.41 139.62
211.11 146.04
218.52 146.04
222.22 139.62
225.93 146.04
233.33 146.04
229.63 152.45
233.33 158.87
225.93 158.87
222.22 165.28
225.93 171.70
233.33 171.70
229.63 178.11
233.33 184.53
240.74 184.53
244.44 178.11
248.15 184.53
255.56 184.53
259.26 178.11
255.56 171.70
262.96 171.70
266.67 165.28
270.37 171.70
277.78 171.70
274.07 178.11
277.78 184.53
285.19 184.53
288.89 178.11
292.59 184.53
300.00 184.53
296.30 190.94
300.00 197.36
292.59 197.36
288.89 203.77
292.59 210.19
300.00 210.19
296.30 216.60
300.00 223.02
292.59 223.02
288.89 229.43
285.19 223.02
277.78 223.02
274.07 229.43
277.78 235.85
270.37 235.85
266.67 242.26
270.37 248.68
277.78 248.68
274.07 255.09
277.78 261.51
285.19 261.51
288.89 255.09
292.59 261.51
300.00 261.51
296.30 267.92
300.00 274.34
292.59 274.34
288.89 280.75
292.59 287.17
300.00 287.17
296.30 293.58
300.00 300.00
292.59 300.00
288.89 306.42
285.19 300.00
277.78 300.00
274.07 306.42
277.78 312.83
270.37 312.83
266.67 319.25
262.96 312.83
255.56 312.83
259.26 306.42
255.56 300.00
248.15 300.00
244.44 306.42
240.74 300.00
233.33 300.00
229.63 306.42
233.33 312.83
225.93 312.83
222.22 319.25
225.93 325.66
233.33 325.66
229.63 332.08
233.33 338.49
225.93 338.49
222.22 344.91
218.52 338.49
211.11 338.49
207.41 344.91
211.11 351.32
203.70 351.32
200.00 357.74
196.30 351.32
188.89 351.32
192.59 344.91
188.89 338.49
181.48 338.49
177.78 344.91
174.07 338.49
166.67 338.49
170.37 332.08
166.67 325.66
174.07 325.66
177.78 319.25
174.07 312.83
166.67 312.83
170.37 306.42
166.67 300.00
159.26 300.00
155.56 306.42
151.85 300.00
144.44 300.00
140.74 306.42
144.44 312.83
137.04 312.83
133.33 319.25
129.63 312.83
122.22 312.83
125.93 306.42
122.22 300.00
114.81 300.00
111.11 306.42
107.41 300.00
