100.00 400.00
100.82 398.57
100.00 397.15
101.65 397.15
102.47 395.72
101.65 394.30
100.00 394.30
100.82 392.87
100.00 391.45
101.65 391.45
102.47 390.02
103.29 391.45
104.94 391.45
105.76 390.02
104.94 388.60
106.58 388.60
107.41 387.17
106.58 385.74
104.94 385.74
105.76 384.32
104.94 382.89
103.29 382.89
102.47 384.32
101.65 382.89
100.00 382.89
100.82 381.47
100.00 380.04
101.65 380.04
102.47 378.62
101.65 377.19
100.00 377.19
100.82 375.77
100.00 374.34
101.65 374.34
102.47 372.91
103.29 374.34
104.94 374.34
105.76 372.91
104.94 371.49
106.58 371.49
107.41 370.06
108.23 371.49
109.88 371.49
109.05 372.91
109.88 374.34
111.52 374.34
112.35 372.91
113.17 374.34
114.81 374.34
115.64 372.91
114.81 371.49
116.46 371.49
117.28 370.06
116.46 368.64
114.81 368.64
115.64 367.21
114.81 365.79
116.46 365.79
117.28 364.36
118.11 365.79
119.75 365.79
120.58 364.36
119.75 362.94
121.40 362.94
122.22 361.51
121.40 360.08
119.75 360.08
120.58 358.66
119.75 357.23
118.11 357.23
117.28 358.66
116.46 357.23
114.81 357.23
115.64 355.81
114.81 354.38
116.46 354.38
117.28 352.96
116.46 351.53
114.81 351.53
115.64 350.11
114.81 348.68
113.17 348.68
112.35 350.11
111.52 348.68
109.88 348.68
109.05 350.11
109.88 351.53
108.23 351.53
107.41 352.96
106.58 351.53
104.94 351.53
105.76 350.11
104.94 348.68
103.29 348.68
102.47 350.11
101.65 348.68
100.00 348.68
100.82 347.25
100.00 345.83
101.65 345.83
102.47 344.40
101.65 342.98
100.00 342.98
100.82 341.55
100.00 340.13
101.65 340.13
102.47 338.70
103.29 340.13
104.94 340.13
105.76 338.70
104.94 337.28
106.58 337.28
107.41 335.85
106.58 334.42
104.94 334.42
105.76 333.00
104.94 331.57
103.29 331.57
102.47 333.00
101.65 331.57
100.00 331.57
100.82 330.15
100.00 328.72
101.65 328.72
102.47 327.30
101.65 325.87
100.00 325.87
100.82 324.45
100.00 323.02
101.65 323.02
102.47 321.59
103.29 323.02
104.94 323.02
105.76 321.59
104.94 320.17
106.58 320.17
107.41 318.74
108.23 320.17
109.88 320.17
109.05 321.59
109.88 323.02
111.52 323.02
112.35 321.59
113.17 323.02
114.81 323.02
115.64 321.59
114.81 320.17
116.46 320.17
117.28 318.74
116.46 317.32
114.81 317.32
115.64 315.89
114.81 314.47
116.46 314.47
117.28 313.04
118.11 314.47
119.75 314.47
120.58 313.04
119.75 311.62
121.40 311.62
122.22 310.19
123.05 311.62
124.69 311.62
123.87 313.04
124.69 314.47
126.34 314.47
127.16 313.04
127.98 314.47
129.63 314.47
128.81 315.89
129.63 317.32
127.98 317.32
127.16 318.74
127.98 320.17
129.63 320.17
128.81 321.59
129.63 323.02
131.28 323.02
132.10 321.59
132.92 323.02
134.57 323.02
135.39 321.59
134.57 320.17
136.21 320.17
137.04 318.74
137.86 320.17
139.51 320.17
138.68 321.59
139.51 323.02
141.15 323.02
141.98 321.59
142.80 323.02
144.44 323.02
145.27 321.59
144.44 320.17
146.09 320.17
146.91 318.74
146.09 317.32
144.44 317.32
145.27 315.89
144.44 314.47
146.09 314.47
146.91 313.04
147.74 314.47
149.38 314.47
150.21 313.04
149.38 311.62
151.03 311.62
151.85 310.19
151.03 308.76
149.38 308.76
150.21 307.34
149.38 305.91
147.74 305.91
146.91 307.34
146.09 305.91
144.44 305.91
145.27 304.49
144.44 303.06
146.09 303.06
146.91 301.64
146.09 300.21
144.44 300.21
145.27 298.79
144.44 297.36
146.09 297.36
146.91 295.93
147.74 297.36
149.38 297.36
150.21 295.93
149.38 294.51
151.03 294.51
151.85 293.08
152.67 294.51
154.32 294.51
153.50 295.93
154.32 297.36
155.97 297.36
156.79 295.93
157.61 297.36
159.26 297.36
160.08 295.93
159.26 294.51
160.91 294.51
161.73 293.08
160.91 291.66
159.26 291.66
160.08 290.23
159.26 288.81
160.91 288.81
161.73 287.38
162.55 288.81
164.20 288.81
165.02 287.38
164.20 285.96
165.84 285.96
166.67 284.53
165.84 283.10
164.20 283.10
165.02 281.68
164.20 280.25
162.55 280.25
161.73 281.68
160.91 280.25
159.26 280.25
160.08 278.83
159.26 277.40
160.91 277.40
161.73 275.98
160.91 274.55
159.26 274.55
160.08 273.13
159.26 271.70
157.61 271.70
156.79 273.13
155.97 271.70
154.32 271.70
153.50 273.13
154.32 274.55
152.67 274.55
151.85 275.98
151.03 274.55
149.38 274.55
150.21 273.13
149.38 271.70
147.74 271.70
146.91 273.13
146.09 271.70
144.44 271.70
145.27 270.27
144.44 268.85
146.09 268.85
146.91 267.42
146.09 266.00
144.44 266.00
145.27 264.57
144.44 263.15
146.09 263.15
146.91 261.72
147.74 263.15
149.38 263.15
150.21 261.72
149.38 260.30
151.03 260.30
151.85 258.87
151.03 257.44
149.38 257.44
150.21 256.02
149.38 254.59
147.74 254.59
146.91 256.02
146.09 254.59
144.44 254.59
145.27 253.17
144.44 251.74
146.09 251.74
146.91 250.32
146.09 248.89
144.44 248.89
145.27 247.47
144.44 246.04
142.80 246.04
141.98 247.47
141.15 246.04
139.51 246.04
138.68 247.47
139.51 248.89
137.86 248.89
137.04 250.32
136.21 248.89
134.57 248.89
135.39 247.47
134.57 246.04
132.92 246.04
132.10 247.47
131.28 246.04
129.63 246.04
128.81 247.47
129.63 248.89
127.98 248.89
127.16 250.32
127.98 251.74
129.63 251.74
128.81 253.17
129.63 254.59
127.98 254.59
127.16 256.02
126.34 254.59
124.69 254.59
123.87 256.02
124.69 257.44
123.05 257.44
122.22 258.87
121.40 257.44
119.75 257.44
120.58 256.02
119.75 254.59
118.11 254.59
117.28 256.02
116.46 254.59
114.81 254.59
115.64 253.17
114.81 251.74
116.46 251.74
117.28 250.32
116.46 248.89
114.81 248.89
115.64 247.47
114.81 246.04
113.17 246.04
112.35 247.47
111.52 246.04
109.88 246.04
109.05 247.47
109.88 248.89
108.23 248.89
107.41 250.32
106.58 248.89
104.94 248.89
105.76 247.47
104.94 246.04
103.29 246.04
102.47 247.47
101.65 246.04
100.00 246.04
100.82 244.61
100.00 243.19
101.65 243.19
102.47 241.76
101.65 240.34
100.00 240.34
100.82 238.91
100.00 237.49
101.65 237.49
102.47 236.06
103.29 237.49
104.94 237.49
105.76 236.06
104.94 234.64
106.58 234.64
107.41 233.21
106.58 231.78
104.94 231.78
105.76 230.36
104.94 228.93
103.29 228.93
102.47 230.36
101.65 228.93
100.00 228.93
100.82 227.51
100.00 226.08
101.65 226.08
102.47 224.66
101.65 223.23
100.00 223.23
100.82 221.81
100.00 220.38
101.65 220.38
102.47 218.95
103.29 220.38
104.94 220.38
105.76 218.95
104.94 217.53
106.58 217.53
107.41 216.10
108.23 217.53
109.88 217.53
109.05 218.95
109.88 220.38
111.52 220.38
112.35 218.95
113.17 220.38
114.81 220.38
115.64 218.95
114.81 217.53
116.46 217.53
117.28 216.10
116.46 214.68
114.81 214.68
115.64 213.25
114.81 211.83
116.46 211.83
117.28 210.40
118.11 211.83
119.75 211.83
120.58 210.40
119.75 208.98
121.40 208.98
122.22 207.55
121.40 206.12
119.75 206.12
120.58 204.70
119.75 203.27
118.11 203.27
117.28 204.70
116.46 203.27
114.81 203.27
115.64 201.85
114.81 200.42
116.46 200.42
117.28 199.00
116.46 197.57
114.81 197.57
115.64 196.15
114.81 194.72
113.17 194.72
112.35 196.15
111.52 194.72
109.88 194.72
109.05 196.15
109.88 197.57
108.23 197.57
107.41 199.00
106.58 197.57
104.94 197.57
105.76 196.15
104.94 194.72
103.29 194.72
102.47 196.15
101.65 194.72
100.00 194.72
100.82 193.29
100.00 191.87
101.65 191.87
102.47 190.44
101.65 189.02
100.00 189.02
100.82 187.59
100.00 186.17
101.65 186.17
102.47 184.74
103.29 186.17
104.94 186.17
105.76 184.74
104.94 183.32
106.58 183.32
107.41 181.89
106.58 180.46
104.94 180.46
105.76 179.04
104.94 177.61
103.29 177.61
102.47 179.04
101.65 177.61
100.00 177.61
100.82 176.19
100.00 174.76
101.65 174.76
102.47 173.34
101.65 171.91
100.00 171.91
100.82 170.49
100.00 169.06
101.65 169.06
102.47 167.63
103.29 169.06
104.94 169.06
105.76 167.63
104.94 166.21
106.58 166.21
107.41 164.78
108.23 166.21
109.88 166.21
109.05 167.63
109.88 169.06
111.52 169.06
112.35 167.63
113.17 169.06
114.81 169.06
115.64 167.63
114.81 166.21
116.46 166.21
117.28 164.78
116.46 163.36
114.81 163.36
115.64 161.93
114.81 160.51
116.46 160.51
117.28 159.08
118.11 160.51
119.75 160.51
120.58 159.08
119.75 157.66
121.40 157.66
122.22 156.23
123.05 157.66
124.69 157.66
123.87 159.08
124.69 160.51
126.34 160.51
127.16 159.08
127.98 160.51
129.63 160.51
128.81 161.93
129.63 163.36
127.98 163.36
127.16 164.78
127.98 166.21
129.63 166.21
128.81 167.63
129.63 169.06
131.28 169.06
132.10 167.63
132.92 169.06
134.57 169.06
135.39 167.63
134.57 166.21
136.21 166.21
137.04 164.78
137.86 166.21
139.51 166.21
138.68 167.63
139.51 169.06
141.15 169.06
141.98 167.63
142.80 169.06
144.44 169.06
145.27 167.63
144.44 166.21
146.09 166.21
146.91 164.78
146.09 163.36
144.44 163.36
145.27 161.93
144.44 160.51
146.09 160.51
146.91 159.08
147.74 160.51
149.38 160.51
150.21 159.08
149.38 157.66
151.03 157.66
151.85 156.23
151.03 154.80
149.38 154.80
150.21 153.38
149.38 151.95
147.74 151.95
146.91 153.38
146.09 151.95
144.44 151.95
145.27 150.53
144.44 149.10
146.09 149.10
146.91 147.68
146.09 146.25
144.44 146.25
145.27 144.83
144.44 143.40
146.09 143.40
146.91 141.97
147.74 143.40
149.38 143.40
150.21 141.97
149.38 140.55
151.03 140.55
151.85 139.12
152.67 140.55
154.32 140.55
153.50 141.97
154.32 143.40
155.97 143.40
156.79 141.97
157.61 143.40
159.26 143.40
160.08 141.97
159.26 140.55
160.91 140.55
161.73 139.12
160.91 137.70
159.26 137.70
160.08 136.27
159.26 134.85
160.91 134.85
161.73 133.42
162.55 134.85
164.20 134.85
165.02 133.42
164.20 132.00
165.84 132.00
166.67 130.57
167.49 132.00
169.14 132.00
168.31 133.42
169.14 134.85
170.78 134.85
171.60 133.42
172.43 134.85
174.07 134.85
173.25 136.27
174.07 137.70
172.43 137.70
171.60 139.12
172.43 140.55
174.07 140.55
173.25 141.97
174.07 143.40
175.72 143.40
176.54 141.97
177.37 143.40
179.01 143.40
179.84 141.97
179.01 140.55
180.66 140.55
181.48 139.12
182.30 140.55
183.95 140.55
183.13 141.97
183.95 143.40
185.60 143.40
186.42 141.97
187.24 143.40
188.89 143.40
188.07 144.83
188.89 146.25
187.24 146.25
186.42 147.68
187.24 149.10
188.89 149.10
188.07 150.53
188.89 151.95
187.24 151.95
186.42 153.38
185.60 151.95
183.95 151.95
183.13 153.38
183.95 154.80
182.30 154.80
181.48 156.23
182.30 157.66
183.95 157.66
183.13 159.08
183.95 160.51
185.60 160.51
186.42 159.08
187.24 160.51
188.89 160.51
188.07 161.93
188.89 163.36
187.24 163.36
186.42 164.78
187.24 166.21
188.89 166.21
188.07 167.63
188.89 169.06
190.53 169.06
191.36 167.63
192.18 169.06
193.83 169.06
194.65 167.63
193.83 166.21
195.47 166.21
196.30 164.78
197.12 166.21
198.77 166.21
197.94 167.63
198.77 169.06
200.41 169.06
201.23 167.63
202.06 169.06
203.70 169.06
204.53 167.63
203.70 166.21
205.35 166.21
206.17 164.78
205.35 163.36
203.70 163.36
204.53 161.93
203.70 160.51
205.35 160.51
206.17 159.08
207.00 160.51
208.64 160.51
209.47 159.08
208.64 157.66
210.29 157.66
211.11 156.23
211.93 157.66
213.58 157.66
212.76 159.08
213.58 160.51
215.23 160.51
216.05 159.08
216.87 160.51
218.52 160.51
217.70 161.93
218.52 163.36
216.87 163.36
216.05 164.78
216.87 166.21
218.52 166.21
217.70 167.63
218.52 169.06
220.16 169.06
220.99 167.63
221.81 169.06
223.46 169.06
224.28 167.63
223.46 166.21
225.10 166.21
225.93 164.78
226.75 166.21
228.40 166.21
227.57 167.63
228.40 169.06
230.04 169.06
230.86 167.63
231.69 169.06
233.33 169.06
234.16 167.63
233.33 166.21
234.98 166.21
235.80 164.78
234.98 163.36
233.33 163.36
234.16 161.93
233.33 160.51
234.98 160.51
235.80 159.08
236.63 160.51
238.27 160.51
239.09 159.08
238.27 157.66
239.92 157.66
240.74 156.23
239.92 154.80
238.27 154.80
239.09 153.38
238.27 151.95
236.63 151.95
235.80 153.38
234.98 151.95
233.33 151.95
234.16 150.53
233.33 149.10
234.98 149.10
235.80 147.68
234.98 146.25
233.33 146.25
234.16 144.83
233.33 143.40
234.98 143.40
235.80 141.97
236.63 143.40
238.27 143.40
239.09 141.97
238.27 140.55
239.92 140.55
240.74 139.12
241.56 140.55
243.21 140.55
242.39 141.97
243.21 143.40
244.86 143.40
245.68 141.97
246.50 143.40
248.15 143.40
248.97 141.97
248.15 140.55
249.79 140.55
250.62 139.12
249.79 137.70
248.15 137.70
248.97 136.27
248.15 134.85
249.79 134.85
250.62 133.42
251.44 134.85
253.09 134.85
253.91 133.42
253.09 132.00
254.73 132.00
255.56 130.57
254.73 129.14
253.09 129.14
253.91 127.72
253.09 126.29
251.44 126.29
250.62 127.72
249.79 126.29
248.15 126.29
248.97 124.87
248.15 123.44
249.79 123.44
250.62 122.02
249.79 120.59
248.15 120.59
248.97 119.17
248.15 117.74
246.50 117.74
245.68 119.17
244.86 117.74
243.21 117.74
242.39 119.17
243.21 120.59
241.56 120.59
240.74 122.02
239.92 120.59
238.27 120.59
239.09 119.17
238.27 117.74
236.63 117.74
235.80 119.17
234.98 117.74
233.33 117.74
234.16 116.31
233.33 114.89
234.98 114.89
235.80 113.46
234.98 112.04
233.33 112.04
234.16 110.61
233.33 109.19
234.98 109.19
235.80 107.76
236.63 109.19
238.27 109.19
239.09 107.76
238.27 106.34
239.92 106.34
240.74 104.91
239.92 103.48
238.27 103.48
239.09 102.06
238.27 100.63
236.63 100.63
235.80 102.06
234.98 100.63
233.33 100.63
234.16 99.21
233.33 97.78
234.98 97.78
235.80 96.36
234.98 94.93
233.33 94.93
234.16 93.51
233.33 92.08
234.98 92.08
235.80 90.65
236.63 92.08
238.27 92.08
239.09 90.65
238.27 89.23
239.92 89.23
240.74 87.80
241.56 89.23
243.21 89.23
242.39 90.65
243.21 92.08
244.86 92.08
245.68 90.65
246.50 92.08
248.15 92.08
248.97 90.65
248.15 89.23
249.79 89.23
250.62 87.80
249.79 86.38
248.15 86.38
248.97 84.95
248.15 83.53
249.79 83.53
250.62 82.10
251.44 83.53
253.09 83.53
253.91 82.10
253.09 80.68
254.73 80.68
255.56 79.25
256.38 80.68
258.02 80.68
257.20 82.10
258.02 83.53
259.67 83.53
260.49 82.10
261.32 83.53
262.96 83.53
262.14 84.95
262.96 86.38
261.32 86.38
260.49 87.80
261.32 89.23
262.96 89.23
262.14 90.65
262.96 92.08
264.61 92.08
265.43 90.65
266.26 92.08
267.90 92.08
268.72 90.65
267.90 89.23
269.55 89.23
270.37 87.80
271.19 89.23
272.84 89.23
272.02 90.65
272.84 92.08
274.49 92.08
275.31 90.65
276.13 92.08
277.78 92.08
278.60 90.65
277.78 89.23
279.42 89.23
280.25 87.80
279.42 86.38
277.78 86.38
278.60 84.95
277.78 83.53
279.42 83.53
280.25 82.10
281.07 83.53
282.72 83.53
283.54 82.10
282.72 80.68
284.36 80.68
285.19 79.25
284.36 77.82
282.72 77.82
283.54 76.40
282.72 74.97
281.07 74.97
280.25 76.40
279.42 74.97
277.78 74.97
278.60 73.55
277.78 72.12
279.42 72.12
280.25 70.70
279.42 69.27
277.78 69.27
278.60 67.85
277.78 66.42
279.42 66.42
280.25 64.99
281.07 66.42
282.72 66.42
283.54 64.99
282.72 63.57
284.36 63.57
285.19 62.14
286.01 63.57
287.65 63.57
286.83 64.99
287.65 66.42
289.30 66.42
290.12 64.99
290.95 66.42
292.59 66.42
293.42 64.99
292.59 63.57
294.24 63.57
295.06 62.14
294.24 60.72
292.59 60.72
293.42 59.29
292.59 57.87
294.24 57.87
295.06 56.44
295.88 57.87
297.53 57.87
298.35 56.44
297.53 55.02
299.18 55.02
300.00 53.59
300.82 55.02
302.47 55.02
301.65 56.44
302.47 57.87
304.12 57.87
304.94 56.44
305.76 57.87
307.41 57.87
306.58 59.29
307.41 60.72
305.76 60.72
304.94 62.14
305.76 63.57
307.41 63.57
306.58 64.99
307.41 66.42
309.05 66.42
309.88 64.99
310.70 66.42
312.35 66.42
313.17 64.99
312.35 63.57
313.99 63.57
314.81 62.14
315.64 63.57
317.28 63.57
316.46 64.99
317.28 66.42
318.93 66.42
319.75 64.99
320.58 66.42
322.22 66.42
321.40 67.85
322.22 69.27
320.58 69.27
319.75 70.70
320.58 72.12
322.22 72.12
321.40 73.55
322.22 74.97
320.58 74.97
319.75 76.40
318.93 74.97
317.28 74.97
316.46 76.40
317.28 77.82
315.64 77.82
314.81 79.25
315.64 80.68
317.28 80.68
316.46 82.10
317.28 83.53
318.93 83.53
319.75 82.10
320.58 83.53
322.22 83.53
321.40 84.95
322.22 86.38
320.58 86.38
319.75 87.80
320.58 89.23
322.22 89.23
321.40 90.65
322.22 92.08
323.87 92.08
324.69 90.65
325.51 92.08
327.16 92.08
327.98 90.65
327.16 89.23
328.81 89.23
329.63 87.80
330.45 89.23
332.10 89.23
331.28 90.65
332.10 92.08
333.74 92.08
334.57 90.65
335.39 92.08
337.04 92.08
337.86 90.65
337.04 89.23
338.68 89.23
339.51 87.80
338.68 86.38
337.04 86.38
337.86 84.95
337.04 83.53
338.68 83.53
339.51 82.10
340.33 83.53
341.98 83.53
342.80 82.10
341.98 80.68
343.62 80.68
344.44 79.25
345.27 80.68
346.91 80.68
346.09 82.10
346.91 83.53
348.56 83.53
349.38 82.10
350.21 83.53
351.85 83.53
351.03 84.95
351.85 86.38
350.21 86.38
349.38 87.80
350.21 89.23
351.85 89.23
351.03 90.65
351.85 92.08
353.50 92.08
354.32 90.65
355.14 92.08
356.79 92.08
357.61 90.65
356.79 89.23
358.44 89.23
359.26 87.80
360.08 89.23
361.73 89.23
360.91 90.65
361.73 92.08
363.37 92.08
364.20 90.65
365.02 92.08
366.67 92.08
365.84 93.51
366.67 94.93
365.02 94.93
364.20 96.36
365.02 97.78
366.67 97.78
365.84 99.21
366.67 100.63
365.02 100.63
364.20 102.06
363.37 100.63
361.73 100.63
360.91 102.06
361.73 103.48
360.08 103.48
359.26 104.91
360.08 106.34
361.73 106.34
360.91 107.76
361.73 109.19
363.37 109.19
364.20 107.76
365.02 109.19
366.67 109.19
365.84 110.61
366.67 112.04
365.02 112.04
364.20 113.46
365.02 114.89
366.67 114.89
365.84 116.31
366.67 117.74
365.02 117.74
364.20 119.17
363.37 117.74
361.73 117.74
360.91 119.17
361.73 120.59
360.08 120.59
359.26 122.02
358.44 120.59
356.79 120.59
357.61 119.17
356.79 117.74
355.14 117.74
354.32 119.17
353.50 117.74
351.85 117.74
351.03 119.17
351.85 120.59
350.21 120.59
349.38 122.02
350.21 123.44
351.85 123.44
351.03 124.87
351.85 126.29
350.21 126.29
349.38 127.72
348.56 126.29
346.91 126.29
346.09 127.72
346.91 129.14
345.27 129.14
344.44 130.57
345.27 132.00
346.91 132.00
346.09 133.42
346.91 134.85
348.56 134.85
349.38 133.42
350.21 134.85
351.85 134.85
351.03 136.27
351.85 137.70
350.21 137.70
349.38 139.12
350.21 140.55
351.85 140.55
351.03 141.97
351.85 143.40
353.50 143.40
354.32 141.97
355.14 143.40
356.79 143.40
357.61 141.97
356.79 140.55
358.44 140.55
359.26 139.12
360.08 140.55
361.73 140.55
360.91 141.97
361.73 143.40
363.37 143.40
364.20 141.97
365.02 143.40
366.67 143.40
365.84 144.83
366.67 146.25
365.02 146.25
364.20 147.68
365.02 149.10
366.67 149.10
365.84 150.53
366.67 151.95
365.02 151.95
364.20 153.38
363.37 151.95
361.73 151.95
360.91 153.38
361.73 154.80
360.08 154.80
359.26 156.23
360.08 157.66
361.73 157.66
360.91 159.08
361.73 160.51
363.37 160.51
364.20 159.08
365.02 160.51
366.67 160.51
365.84 161.93
366.67 163.36
365.02 163.36
364.20 164.78
365.02 166.21
366.67 166.21
365.84 167.63
366.67 169.06
368.31 169.06
369.14 167.63
369.96 169.06
371.60 169.06
372.43 167.63
371.60 166.21
373.25 166.21
374.07 164.78
374.90 166.21
376.54 166.21
375.72 167.63
376.54 169.06
378.19 169.06
379.01 167.63
379.84 169.06
381.48 169.06
382.30 167.63
381.48 166.21
383.13 166.21
383.95 164.78
383.13 163.36
381.48 163.36
382.30 161.93
381.48 160.51
383.13 160.51
383.95 159.08
384.77 160.51
386.42 160.51
387.24 159.08
386.42 157.66
388.07 157.66
388.89 156.23
389.71 157.66
391.36 157.66
390.53 159.08
391.36 160.51
393.00 160.51
393.83 159.08
394.65 160.51
396.30 160.51
395.47 161.93
396.30 163.36
394.65 163.36
393.83 164.78
394.65 166.21
396.30 166.21
395.47 167.63
396.30 169.06
397.94 169.06
398.77 167.63
399.59 169.06
401.23 169.06
402.06 167.63
401.23 166.21
402.88 166.21
403.70 164.78
404.53 166.21
406.17 166.21
405.35 167.63
406.17 169.06
407.82 169.06
408.64 167.63
409.47 169.06
411.11 169.06
411.93 167.63
411.11 166.21
412.76 166.21
413.58 164.78
412.76 163.36
411.11 163.36
411.93 161.93
411.11 160.51
412.76 160.51
413.58 159.08
414.40 160.51
416.05 160.51
416.87 159.08
416.05 157.66
417.70 157.66
418.52 156.23
417.70 154.80
416.05 154.80
416.87 153.38
416.05 151.95
414.40 151.95
413.58 153.38
412.76 151.95
411.11 151.95
411.93 150.53
411.11 149.10
412.76 149.10
413.58 147.68
412.76 146.25
411.11 146.25
411.93 144.83
411.11 143.40
412.76 143.40
413.58 141.97
414.40 143.40
416.05 143.40
416.87 141.97
416.05 140.55
417.70 140.55
418.52 139.12
419.34 140.55
420.99 140.55
420.16 141.97
420.99 143.40
422.63 143.40
423.46 141.97
424.28 143.40
425.93 143.40
426.75 141.97
425.93 140.55
427.57 140.55
428.40 139.12
427.57 137.70
425.93 137.70
426.75 136.27
425.93 134.85
427.57 134.85
428.40 133.42
429.22 134.85
430.86 134.85
431.69 133.42
430.86 132.00
432.51 132.00
433.33 130.57
434.16 132.00
435.80 132.00
434.98 133.42
435.80 134.85
437.45 134.85
438.27 133.42
439.09 134.85
440.74 134.85
439.92 136.27
440.74 137.70
439.09 137.70
438.27 139.12
439.09 140.55
440.74 140.55
439.92 141.97
440.74 143.40
442.39 143.40
443.21 141.97
444.03 143.40
445.68 143.40
446.50 141.97
445.68 140.55
447.33 140.55
448.15 139.12
448.97 140.55
450.62 140.55
449.79 141.97
450.62 143.40
452.26 143.40
453.09 141.97
453.91 143.40
455.56 143.40
454.73 144.83
455.56 146.25
453.91 146.25
453.09 147.68
453.91 149.10
455.56 149.10
454.73 150.53
455.56 151.95
453.91 151.95
453.09 153.38
452.26 151.95
450.62 151.95
449.79 153.38
450.62 154.80
448.97 154.80
448.15 156.23
448.97 157.66
450.62 157.66
449.79 159.08
450.62 160.51
452.26 160.51
453.09 159.08
453.91 160.51
455.56 160.51
454.73 161.93
455.56 163.36
453.91 163.36
453.09 164.78
453.91 166.21
455.56 166.21
454.73 167.63
455.56 169.06
457.20 169.06
458.02 167.63
458.85 169.06
460.49 169.06
461.32 167.63
460.49 166.21
462.14 166.21
462.96 164.78
463.79 166.21
465.43 166.21
464.61 167.63
465.43 169.06
467.08 169.06
467.90 167.63
468.72 169.06
470.37 169.06
471.19 167.63
470.37 166.21
472.02 166.21
472.84 164.78
472.02 163.36
470.37 163.36
471.19 161.93
470.37 160.51
472.02 160.51
472.84 159.08
473.66 160.51
475.31 160.51
476.13 159.08
475.31 157.66
476.95 157.66
477.78 156.23
478.60 157.66
480.25 157.66
479.42 159.08
480.25 160.51
481.89 160.51
482.72 159.08
483.54 160.51
485.19 160.51
484.36 161.93
485.19 163.36
483.54 163.36
482.72 164.78
483.54 166.21
485.19 166.21
484.36 167.63
485.19 169.06
486.83 169.06
487.65 167.63
488.48 169.06
490.12 169.06
490.95 167.63
490.12 166.21
491.77 166.21
492.59 164.78
493.42 166.21
495.06 166.21
494.24 167.63
495.06 169.06
496.71 169.06
497.53 167.63
498.35 169.06
500.00 169.06
499.18 170.49
500.00 171.91
498.35 171.91
497.53 173.34
498.35 174.76
500.00 174.76
499.18 176.19
500.00 177.61
498.35 177.61
497.53 179.04
496.71 177.61
495.06 177.61
494.24 179.04
495.06 180.46
493.42 180.46
492.59 181.89
493.42 183.32
495.06 183.32
494.24 184.74
495.06 186.17
496.71 186.17
497.53 184.74
498.35 186.17
500.00 186.17
499.18 187.59
500.00 189.02
498.35 189.02
497.53 190.44
498.35 191.87
500.00 191.87
499.18 193.29
500.00 194.72
498.35 194.72
497.53 196.15
496.71 194.72
495.06 194.72
494.24 196.15
495.06 197.57
493.42 197.57
492.59 199.00
491.77 197.57
490.12 197.57
490.95 196.15
490.12 194.72
488.48 194.72
487.65 196.15
486.83 194.72
485.19 194.72
484.36 196.15
485.19 197.57
483.54 197.57
482.72 199.00
483.54 200.42
485.19 200.42
484.36 201.85
485.19 203.27
483.54 203.27
482.72 204.70
481.89 203.27
480.25 203.27
479.42 204.70
480.25 206.12
478.60 206.12
477.78 207.55
478.60 208.98
480.25 208.98
479.42 210.40
480.25 211.83
481.89 211.83
482.72 210.40
483.54 211.83
485.19 211.83
484.36 213.25
485.19 214.68
483.54 214.68
482.72 216.10
483.54 217.53
485.19 217.53
484.36 218.95
485.19 220.38
486.83 220.38
487.65 218.95
488.48 220.38
490.12 220.38
490.95 218.95
490.12 217.53
491.77 217.53
492.59 216.10
493.42 217.53
495.06 217.53
494.24 218.95
495.06 220.38
496.71 220.38
497.53 218.95
498.35 220.38
500.00 220.38
499.18 221.81
500.00 223.23
498.35 223.23
497.53 224.66
498.35 226.08
500.00 226.08
499.18 227.51
500.00 228.93
498.35 228.93
497.53 230.36
496.71 228.93
495.06 228.93
494.24 230.36
495.06 231.78
493.42 231.78
492.59 233.21
493.42 234.64
495.06 234.64
494.24 236.06
495.06 237.49
496.71 237.49
497.53 236.06
498.35 237.49
500.00 237.49
499.18 238.91
500.00 240.34
498.35 240.34
497.53 241.76
498.35 243.19
500.00 243.19
499.18 244.61
500.00 246.04
498.35 246.04
497.53 247.47
496.71 246.04
495.06 246.04
494.24 247.47
495.06 248.89
493.42 248.89
492.59 250.32
491.77 248.89
490.12 248.89
490.95 247.47
490.12 246.04
488.48 246.04
487.65 247.47
486.83 246.04
485.19 246.04
484.36 247.47
485.19 248.89
483.54 248.89
482.72 250.32
483.54 251.74
485.19 251.74
484.36 253.17
485.19 254.59
483.54 254.59
482.72 256.02
481.89 254.59
480.25 254.59
479.42 256.02
480.25 257.44
478.60 257.44
477.78 258.87
476.95 257.44
475.31 257.44
476.13 256.02
475.31 254.59
473.66 254.59
472.84 256.02
472.02 254.59
470.37 254.59
471.19 253.17
470.37 251.74
472.02 251.74
472.84 250.32
472.02 248.89
470.37 248.89
471.19 247.47
470.37 246.04
468.72 246.04
467.90 247.47
467.08 246.04
465.43 246.04
464.61 247.47
465.43 248.89
463.79 248.89
462.96 250.32
462.14 248.89
460.49 248.89
461.32 247.47
460.49 246.04
458.85 246.04
458.02 247.47
457.20 246.04
455.56 246.04
454.73 247.47
455.56 248.89
453.91 248.89
453.09 250.32
453.91 251.74
455.56 251.74
454.73 253.17
455.56 254.59
453.91 254.59
453.09 256.02
452.26 254.59
450.62 254.59
449.79 256.02
450.62 257.44
448.97 257.44
448.15 258.87
448.97 260.30
450.62 260.30
449.79 261.72
450.62 263.15
452.26 263.15
453.09 261.72
453.91 263.15
455.56 263.15
454.73 264.57
455.56 266.00
453.91 266.00
453.09 267.42
453.91 268.85
455.56 268.85
454.73 270.27
455.56 271.70
453.91 271.70
453.09 273.13
452.26 271.70
450.62 271.70
449.79 273.13
450.62 274.55
448.97 274.55
448.15 275.98
447.33 274.55
445.68 274.55
446.50 273.13
445.68 271.70
444.03 271.70
443.21 273.13
442.39 271.70
440.74 271.70
439.92 273.13
440.74 274.55
439.09 274.55
438.27 275.98
439.09 277.40
440.74 277.40
439.92 278.83
440.74 280.25
439.09 280.25
438.27 281.68
437.45 280.25
435.80 280.25
434.98 281.68
435.80 283.10
434.16 283.10
433.33 284.53
434.16 285.96
435.80 285.96
434.98 287.38
435.80 288.81
437.45 288.81
438.27 287.38
439.09 288.81
440.74 288.81
439.92 290.23
440.74 291.66
439.09 291.66
438.27 293.08
439.09 294.51
440.74 294.51
439.92 295.93
440.74 297.36
442.39 297.36
443.21 295.93
444.03 297.36
445.68 297.36
446.50 295.93
445.68 294.51
447.33 294.51
448.15 293.08
448.97 294.51
450.62 294.51
449.79 295.93
450.62 297.36
452.26 297.36
453.09 295.93
453.91 297.36
455.56 297.36
454.73 298.79
455.56 300.21
453.91 300.21
453.09 301.64
453.91 303.06
455.56 303.06
454.73 304.49
455.56 305.91
453.91 305.91
453.09 307.34
452.26 305.91
450.62 305.91
449.79 307.34
450.62 308.76
448.97 308.76
448.15 310.19
448.97 311.62
450.62 311.62
449.79 313.04
450.62 314.47
452.26 314.47
453.09 313.04
453.91 314.47
455.56 314.47
454.73 315.89
455.56 317.32
453.91 317.32
453.09 318.74
453.91 320.17
455.56 320.17
454.73 321.59
455.56 323.02
457.20 323.02
458.02 321.59
458.85 323.02
460.49 323.02
461.32 321.59
460.49 320.17
462.14 320.17
462.96 318.74
463.79 320.17
465.43 320.17
464.61 321.59
465.43 323.02
467.08 323.02
467.90 321.59
468.72 323.02
470.37 323.02
471.19 321.59
470.37 320.17
472.02 320.17
472.84 318.74
472.02 317.32
470.37 317.32
471.19 315.89
470.37 314.47
472.02 314.47
472.84 313.04
473.66 314.47
475.31 314.47
476.13 313.04
475.31 311.62
476.95 311.62
477.78 310.19
478.60 311.62
480.25 311.62
479.42 313.04
480.25 314.47
481.89 314.47
482.72 313.04
483.54 314.47
485.19 314.47
484.36 315.89
485.19 317.32
483.54 317.32
482.72 318.74
483.54 320.17
485.19 320.17
484.36 321.59
485.19 323.02
486.83 323.02
487.65 321.59
488.48 323.02
490.12 323.02
490.95 321.59
490.12 320.17
491.77 320.17
492.59 318.74
493.42 320.17
495.06 320.17
494.24 321.59
495.06 323.02
496.71 323.02
497.53 321.59
498.35 323.02
500.00 323.02
499.18 324.45
500.00 325.87
498.35 325.87
497.53 327.30
498.35 328.72
500.00 328.72
499.18 330.15
500.00 331.57
498.35 331.57
497.53 333.00
496.71 331.57
495.06 331.57
494.24 333.00
495.06 334.42
493.42 334.42
492.59 335.85
493.42 337.28
495.06 337.28
494.24 338.70
495.06 340.13
496.71 340.13
497.53 338.70
498.35 340.13
500.00 340.13
499.18 341.55
500.00 342.98
498.35 342.98
497.53 344.40
498.35 345.83
500.00 345.83
499.18 347.25
500.00 348.68
498.35 348.68
497.53 350.11
496.71 348.68
495.06 348.68
494.24 350.11
495.06 351.53
493.42 351.53
492.59 352.96
491.77 351.53
490.12 351.53
490.95 350.11
490.12 348.68
488.48 348.68
487.65 350.11
486.83 348.68
485.19 348.68
484.36 350.11
485.19 351.53
483.54 351.53
482.72 352.96
483.54 354.38
485.19 354.38
484.36 355.81
485.19 357.23
483.54 357.23
482.72 358.66
481.89 357.23
480.25 357.23
479.42 358.66
480.25 360.08
478.60 360.08
477.78 361.51
478.60 362.94
480.25 362.94
479.42 364.36
480.25 365.79
481.89 365.79
482.72 364.36
483.54 365.79
485.19 365.79
484.36 367.21
485.19 368.64
483.54 368.64
482.72 370.06
483.54 371.49
485.19 371.49
484.36 372.91
485.19 374.34
486.83 374.34
487.65 372.91
488.48 374.34
490.12 374.34
490.95 372.91
490.12 371.49
491.77 371.49
492.59 370.06
493.42 371.49
495.06 371.49
494.24 372.91
495.06 374.34
496.71 374.34
497.53 372.91
498.35 374.34
500.00 374.34
499.18 375.77
500.00 377.19
498.35 377.19
497.53 378.62
498.35 380.04
500.00 380.04
499.18 381.47
500.00 382.89
498.35 382.89
497.53 384.32
496.71 382.89
495.06 382.89
494.24 384.32
495.06 385.74
493.42 385.74
492.59 387.17
493.42 388.60
495.06 388.60
494.24 390.02
495.06 391.45
496.71 391.45
497.53 390.02
498.35 391.45
500.00 391.45
499.18 392.87
500.00 394.30
498.35 394.30
497.53 395.72
498.35 397.15
500.00 397.15
499.18 398.57
500.00 400.00
498.35 400.00
497.53 401.43
496.71 400.00
495.06 400.00
494.24 401.43
495.06 402.85
493.42 402.85
492.59 404.28
491.77 402.85
490.12 402.85
490.95 401.43
490.12 400.00
488.48 400.00
487.65 401.43
486.83 400.00
485.19 400.00
484.36 401.43
485.19 402.85
483.54 402.85
482.72 404.28
483.54 405.70
485.19 405.70
484.36 407.13
485.19 408.55
483.54 408.55
482.72 409.98
481.89 408.55
480.25 408.55
479.42 409.98
480.25 411.40
478.60 411.40
477.78 412.83
476.95 411.40
475.31 411.40
476.13 409.98
475.31 408.55
473.66 408.55
472.84 409.98
472.02 408.55
470.37 408.55
471.19 407.13
470.37 405.70
472.02 405.70
472.84 404.28
472.02 402.85
470.37 402.85
471.19 401.43
470.37 400.00
468.72 400.00
467.90 401.43
467.08 400.00
465.43 400.00
464.61 401.43
465.43 402.85
463.79 402.85
462.96 404.28
462.14 402.85
460.49 402.85
461.32 401.43
460.49 400.00
458.85 400.00
458.02 401.43
457.20 400.00
455.56 400.00
454.73 401.43
455.56 402.85
453.91 402.85
453.09 404.28
453.91 405.70
455.56 405.70
454.73 407.13
455.56 408.55
453.91 408.55
453.09 409.98
452.26 408.55
450.62 408.55
449.79 409.98
450.62 411.40
448.97 411.40
448.15 412.83
448.97 414.26
450.62 414.26
449.79 415.68
450.62 417.11
452.26 417.11
453.09 415.68
453.91 417.11
455.56 417.11
454.73 418.53
455.56 419.96
453.91 419.96
453.09 421.38
453.91 422.81
455.56 422.81
454.73 424.23
455.56 425.66
453.91 425.66
453.09 427.09
452.26 425.66
450.62 425.66
449.79 427.09
450.62 428.51
448.97 428.51
448.15 429.94
447.33 428.51
445.68 428.51
446.50 427.09
445.68 425.66
444.03 425.66
443.21 427.09
442.39 425.66
440.74 425.66
439.92 427.09
440.74 428.51
439.09 428.51
438.27 429.94
439.09 431.36
440.74 431.36
439.92 432.79
440.74 434.21
439.09 434.21
438.27 435.64
437.45 434.21
435.80 434.21
434.98 435.64
435.80 437.06
434.16 437.06
433.33 438.49
432.51 437.06
430.86 437.06
431.69 435.64
430.86 434.21
429.22 434.21
428.40 435.64
427.57 434.21
425.93 434.21
426.75 432.79
425.93 431.36
427.57 431.36
428.40 429.94
427.57 428.51
425.93 428.51
426.75 427.09
425.93 425.66
424.28 425.66
423.46 427.09
422.63 425.66
420.99 425.66
420.16 427.09
420.99 428.51
419.34 428.51
418.52 429.94
417.70 428.51
416.05 428.51
416.87 427.09
416.05 425.66
414.40 425.66
413.58 427.09
412.76 425.66
411.11 425.66
411.93 424.23
411.11 422.81
412.76 422.81
413.58 421.38
412.76 419.96
411.11 419.96
411.93 418.53
411.11 417.11
412.76 417.11
413.58 415.68
414.40 417.11
416.05 417.11
416.87 415.68
416.05 414.26
417.70 414.26
418.52 412.83
417.70 411.40
416.05 411.40
416.87 409.98
416.05 408.55
414.40 408.55
413.58 409.98
412.76 408.55
411.11 408.55
411.93 407.13
411.11 405.70
412.76 405.70
413.58 404.28
412.76 402.85
411.11 402.85
411.93 401.43
411.11 400.00
409.47 400.00
408.64 401.43
407.82 400.00
406.17 400.00
405.35 401.43
406.17 402.85
404.53 402.85
403.70 404.28
402.88 402.85
401.23 402.85
402.06 401.43
401.23 400.00
399.59 400.00
398.77 401.43
397.94 400.00
396.30 400.00
395.47 401.43
396.30 402.85
394.65 402.85
393.83 404.28
394.65 405.70
396.30 405.70
395.47 407.13
396.30 408.55
394.65 408.55
393.83 409.98
393.00 408.55
391.36 408.55
390.53 409.98
391.36 411.40
389.71 411.40
388.89 412.83
388.07 411.40
386.42 411.40
387.24 409.98
386.42 408.55
384.77 408.55
383.95 409.98
383.13 408.55
381.48 408.55
382.30 407.13
381.48 405.70
383.13 405.70
383.95 404.28
383.13 402.85
381.48 402.85
382.30 401.43
381.48 400.00
379.84 400.00
379.01 401.43
378.19 400.00
376.54 400.00
375.72 401.43
376.54 402.85
374.90 402.85
374.07 404.28
373.25 402.85
371.60 402.85
372.43 401.43
371.60 400.00
369.96 400.00
369.14 401.43
368.31 400.00
366.67 400.00
365.84 401.43
366.67 402.85
365.02 402.85
364.20 404.28
365.02 405.70
366.67 405.70
365.84 407.13
366.67 408.55
365.02 408.55
364.20 409.98
363.37 408.55
361.73 408.55
360.91 409.98
361.73 411.40
360.08 411.40
359.26 412.83
360.08 414.26
361.73 414.26
360.91 415.68
361.73 417.11
363.37 417.11
364.20 415.68
365.02 417.11
366.67 417.11
365.84 418.53
366.67 419.96
365.02 419.96
364.20 421.38
365.02 422.81
366.67 422.81
365.84 424.23
366.67 425.66
365.02 425.66
364.20 427.09
363.37 425.66
361.73 425.66
360.91 427.09
361.73 428.51
360.08 428.51
359.26 429.94
358.44 428.51
356.79 428.51
357.61 427.09
356.79 425.66
355.14 425.66
354.32 427.09
353.50 425.66
351.85 425.66
351.03 427.09
351.85 428.51
350.21 428.51
349.38 429.94
350.21 431.36
351.85 431.36
351.03 432.79
351.85 434.21
350.21 434.21
349.38 435.64
348.56 434.21
346.91 434.21
346.09 435.64
346.91 437.06
345.27 437.06
344.44 438.49
345.27 439.92
346.91 439.92
346.09 441.34
346.91 442.77
348.56 442.77
349.38 441.34
350.21 442.77
351.85 442.77
351.03 444.19
351.85 445.62
350.21 445.62
349.38 447.04
350.21 448.47
351.85 448.47
351.03 449.89
351.85 451.32
353.50 451.32
354.32 449.89
355.14 451.32
356.79 451.32
357.61 449.89
356.79 448.47
358.44 448.47
359.26 447.04
360.08 448.47
361.73 448.47
360.91 449.89
361.73 451.32
363.37 451.32
364.20 449.89
365.02 451.32
366.67 451.32
365.84 452.75
366.67 454.17
365.02 454.17
364.20 455.60
365.02 457.02
366.67 457.02
365.84 458.45
366.67 459.87
365.02 459.87
364.20 461.30
363.37 459.87
361.73 459.87
360.91 461.30
361.73 462.72
360.08 462.72
359.26 464.15
360.08 465.58
361.73 465.58
360.91 467.00
361.73 468.43
363.37 468.43
364.20 467.00
365.02 468.43
366.67 468.43
365.84 469.85
366.67 471.28
365.02 471.28
364.20 472.70
365.02 474.13
366.67 474.13
365.84 475.55
366.67 476.98
365.02 476.98
364.20 478.41
363.37 476.98
361.73 476.98
360.91 478.41
361.73 479.83
360.08 479.83
359.26 481.26
358.44 479.83
356.79 479.83
357.61 478.41
356.79 476.98
355.14 476.98
354.32 478.41
353.50 476.98
351.85 476.98
351.03 478.41
351.85 479.83
350.21 479.83
349.38 481.26
350.21 482.68
351.85 482.68
351.03 484.11
351.85 485.53
350.21 485.53
349.38 486.96
348.56 485.53
346.91 485.53
346.09 486.96
346.91 488.38
345.27 488.38
344.44 489.81
343.62 488.38
341.98 488.38
342.80 486.96
341.98 485.53
340.33 485.53
339.51 486.96
338.68 485.53
337.04 485.53
337.86 484.11
337.04 482.68
338.68 482.68
339.51 481.26
338.68 479.83
337.04 479.83
337.86 478.41
337.04 476.98
335.39 476.98
334.57 478.41
333.74 476.98
332.10 476.98
331.28 478.41
332.10 479.83
330.45 479.83
329.63 481.26
328.81 479.83
327.16 479.83
327.98 478.41
327.16 476.98
325.51 476.98
324.69 478.41
323.87 476.98
322.22 476.98
321.40 478.41
322.22 479.83
320.58 479.83
319.75 481.26
320.58 482.68
322.22 482.68
321.40 484.11
322.22 485.53
320.58 485.53
319.75 486.96
318.93 485.53
317.28 485.53
316.46 486.96
317.28 488.38
315.64 488.38
314.81 489.81
315.64 491.24
317.28 491.24
316.46 492.66
317.28 494.09
318.93 494.09
319.75 492.66
320.58 494.09
322.22 494.09
321.40 495.51
322.22 496.94
320.58 496.94
319.75 498.36
320.58 499.79
322.22 499.79
321.40 501.21
322.22 502.64
320.58 502.64
319.75 504.07
318.93 502.64
317.28 502.64
316.46 504.07
317.28 505.49
315.64 505.49
314.81 506.92
313.99 505.49
312.35 505.49
313.17 504.07
312.35 502.64
310.70 502.64
309.88 504.07
309.05 502.64
307.41 502.64
306.58 504.07
307.41 505.49
305.76 505.49
304.94 506.92
305.76 508.34
307.41 508.34
306.58 509.77
307.41 511.19
305.76 511.19
304.94 512.62
304.12 511.19
302.47 511.19
301.65 512.62
302.47 514.04
300.82 514.04
300.00 515.47
299.18 514.04
297.53 514.04
298.35 512.62
297.53 511.19
295.88 511.19
295.06 512.62
294.24 511.19
292.59 511.19
293.42 509.77
292.59 508.34
294.24 508.34
295.06 506.92
294.24 505.49
292.59 505.49
293.42 504.07
292.59 502.64
290.95 502.64
290.12 504.07
289.30 502.64
287.65 502.64
286.83 504.07
287.65 505.49
286.01 505.49
285.19 506.92
284.36 505.49
282.72 505.49
283.54 504.07
282.72 502.64
281.07 502.64
280.25 504.07
279.42 502.64
277.78 502.64
278.60 501.21
277.78 499.79
279.42 499.79
280.25 498.36
279.42 496.94
277.78 496.94
278.60 495.51
277.78 494.09
279.42 494.09
280.25 492.66
281.07 494.09
282.72 494.09
283.54 492.66
282.72 491.24
284.36 491.24
285.19 489.81
284.36 488.38
282.72 488.38
283.54 486.96
282.72 485.53
281.07 485.53
280.25 486.96
279.42 485.53
277.78 485.53
278.60 484.11
277.78 482.68
279.42 482.68
280.25 481.26
279.42 479.83
277.78 479.83
278.60 478.41
277.78 476.98
276.13 476.98
275.31 478.41
274.49 476.98
272.84 476.98
272.02 478.41
272.84 479.83
271.19 479.83
270.37 481.26
269.55 479.83
267.90 479.83
268.72 478.41
267.90 476.98
266.26 476.98
265.43 478.41
264.61 476.98
262.96 476.98
262.14 478.41
262.96 479.83
261.32 479.83
260.49 481.26
261.32 482.68
262.96 482.68
262.14 484.11
262.96 485.53
261.32 485.53
260.49 486.96
259.67 485.53
258.02 485.53
257.20 486.96
258.02 488.38
256.38 488.38
255.56 489.81
254.73 488.38
253.09 488.38
253.91 486.96
253.09 485.53
251.44 485.53
250.62 486.96
249.79 485.53
248.15 485.53
248.97 484.11
248.15 482.68
249.79 482.68
250.62 481.26
249.79 479.83
248.15 479.83
248.97 478.41
248.15 476.98
246.50 476.98
245.68 478.41
244.86 476.98
243.21 476.98
242.39 478.41
243.21 479.83
241.56 479.83
240.74 481.26
239.92 479.83
238.27 479.83
239.09 478.41
238.27 476.98
236.63 476.98
235.80 478.41
234.98 476.98
233.33 476.98
234.16 475.55
233.33 474.13
234.98 474.13
235.80 472.70
234.98 471.28
233.33 471.28
234.16 469.85
233.33 468.43
234.98 468.43
235.80 467.00
236.63 468.43
238.27 468.43
239.09 467.00
238.27 465.58
239.92 465.58
240.74 464.15
239.92 462.72
238.27 462.72
239.09 461.30
238.27 459.87
236.63 459.87
235.80 461.30
234.98 459.87
233.33 459.87
234.16 458.45
233.33 457.02
234.98 457.02
235.80 455.60
234.98 454.17
233.33 454.17
234.16 452.75
233.33 451.32
234.98 451.32
235.80 449.89
236.63 451.32
238.27 451.32
239.09 449.89
238.27 448.47
239.92 448.47
240.74 447.04
241.56 448.47
243.21 448.47
242.39 449.89
243.21 451.32
244.86 451.32
245.68 449.89
246.50 451.32
248.15 451.32
248.97 449.89
248.15 448.47
249.79 448.47
250.62 447.04
249.79 445.62
248.15 445.62
248.97 444.19
248.15 442.77
249.79 442.77
250.62 441.34
251.44 442.77
253.09 442.77
253.91 441.34
253.09 439.92
254.73 439.92
255.56 438.49
254.73 437.06
253.09 437.06
253.91 435.64
253.09 434.21
251.44 434.21
250.62 435.64
249.79 434.21
248.15 434.21
248.97 432.79
248.15 431.36
249.79 431.36
250.62 429.94
249.79 428.51
248.15 428.51
248.97 427.09
248.15 425.66
246.50 425.66
245.68 427.09
244.86 425.66
243.21 425.66
242.39 427.09
243.21 428.51
241.56 428.51
240.74 429.94
239.92 428.51
238.27 428.51
239.09 427.09
238.27 425.66
236.63 425.66
235.80 427.09
234.98 425.66
233.33 425.66
234.16 424.23
233.33 422.81
234.98 422.81
235.80 421.38
234.98 419.96
233.33 419.96
234.16 418.53
233.33 417.11
234.98 417.11
235.80 415.68
236.63 417.11
238.27 417.11
239.09 415.68
238.27 414.26
239.92 414.26
240.74 412.83
239.92 411.40
238.27 411.40
239.09 409.98
238.27 408.55
236.63 408.55
235.80 409.98
234.98 408.55
233.33 408.55
234.16 407.13
233.33 405.70
234.98 405.70
235.80 404.28
234.98 402.85
233.33 402.85
234.16 401.43
233.33 400.00
231.69 400.00
230.86 401.43
230.04 400.00
228.40 400.00
227.57 401.43
228.40 402.85
226.75 402.85
225.93 404.28
225.10 402.85
223.46 402.85
224.28 401.43
223.46 400.00
221.81 400.00
220.99 401.43
220.16 400.00
218.52 400.00
217.70 401.43
218.52 402.85
216.87 402.85
216.05 404.28
216.87 405.70
218.52 405.70
217.70 407.13
218.52 408.55
216.87 408.55
216.05 409.98
215.23 408.55
213.58 408.55
212.76 409.98
213.58 411.40
211.93 411.40
211.11 412.83
210.29 411.40
208.64 411.40
209.47 409.98
208.64 408.55
207.00 408.55
206.17 409.98
205.35 408.55
203.70 408.55
204.53 407.13
203.70 405.70
205.35 405.70
206.17 404.28
205.35 402.85
203.70 402.85
204.53 401.43
203.70 400.00
202.06 400.00
201.23 401.43
200.41 400.00
198.77 400.00
197.94 401.43
198.77 402.85
197.12 402.85
196.30 404.28
195.47 402.85
193.83 402.85
194.65 401.43
193.83 400.00
192.18 400.00
191.36 401.43
190.53 400.00
188.89 400.00
188.07 401.43
188.89 402.85
187.24 402.85
186.42 404.28
187.24 405.70
188.89 405.70
188.07 407.13
188.89 408.55
187.24 408.55
186.42 409.98
185.60 408.55
183.95 408.55
183.13 409.98
183.95 411.40
182.30 411.40
181.48 412.83
182.30 414.26
183.95 414.26
183.13 415.68
183.95 417.11
185.60 417.11
186.42 415.68
187.24 417.11
188.89 417.11
188.07 418.53
188.89 419.96
187.24 419.96
186.42 421.38
187.24 422.81
188.89 422.81
188.07 424.23
188.89 425.66
187.24 425.66
186.42 427.09
185.60 425.66
183.95 425.66
183.13 427.09
183.95 428.51
182.30 428.51
181.48 429.94
180.66 428.51
179.01 428.51
179.84 427.09
179.01 425.66
177.37 425.66
176.54 427.09
175.72 425.66
174.07 425.66
173.25 427.09
174.07 428.51
172.43 428.51
171.60 429.94
172.43 431.36
174.07 431.36
173.25 432.79
174.07 434.21
172.43 434.21
171.60 435.64
170.78 434.21
169.14 434.21
168.31 435.64
169.14 437.06
167.49 437.06
166.67 438.49
165.84 437.06
164.20 437.06
165.02 435.64
164.20 434.21
162.55 434.21
161.73 435.64
160.91 434.21
159.26 434.21
160.08 432.79
159.26 431.36
160.91 431.36
161.73 429.94
160.91 428.51
159.26 428.51
160.08 427.09
159.26 425.66
157.61 425.66
156.79 427.09
155.97 425.66
154.32 425.66
153.50 427.09
154.32 428.51
152.67 428.51
151.85 429.94
151.03 428.51
149.38 428.51
150.21 427.09
149.38 425.66
147.74 425.66
146.91 427.09
146.09 425.66
144.44 425.66
145.27 424.23
144.44 422.81
146.09 422.81
146.91 421.38
146.09 419.96
144.44 419.96
145.27 418.53
144.44 417.11
146.09 417.11
146.91 415.68
147.74 417.11
149.38 417.11
150.21 415.68
149.38 414.26
151.03 414.26
151.85 412.83
151.03 411.40
149.38 411.40
150.21 409.98
149.38 408.55
147.74 408.55
146.91 409.98
146.09 408.55
144.44 408.55
145.27 407.13
144.44 405.70
146.09 405.70
146.91 404.28
146.09 402.85
144.44 402.85
145.27 401.43
144.44 400.00
142.80 400.00
141.98 401.43
141.15 400.00
139.51 400.00
138.68 401.43
139.51 402.85
137.86 402.85
137.04 404.28
136.21 402.85
134.57 402.85
135.39 401.43
134.57 400.00
132.92 400.00
132.10 401.43
131.28 400.00
129.63 400.00
128.81 401.43
129.63 402.85
127.98 402.85
127.16 404.28
127.98 405.70
129.63 405.70
128.81 407.13
129.63 408.55
127.98 408.55
127.16 409.98
126.34 408.55
124.69 408.55
123.87 409.98
124.69 411.40
123.05 411.40
122.22 412.83
121.40 411.40
119.75 411.40
120.58 409.98
119.75 408.55
118.11 408.55
117.28 409.98
116.46 408.55
114.81 408.55
115.64 407.13
114.81 405.70
116.46 405.70
117.28 404.28
116.46 402.85
114.81 402.85
115.64 401.43
114.81 400.00
113.17 400.00
112.35 401.43
111.52 400.00
109.88 400.00
109.05 401.43
109.88 402.85
108.23 402.85
107.41 404.28
106.58 402.85
104.94 402.85
105.76 401.43
104.94 400.00
103.29 400.00
102.47 401.43
101.65 400.00
