100.00 300.00
105.56 290.38
100.00 280.75
111.11 280.75
116.67 271.13
111.11 261.51
100.00 261.51
105.56 251.89
100.00 242.26
111.11 242.26
116.67 232.64
122.22 242.26
133.33 242.26
138.89 232.64
133.33 223.02
144.44 223.02
150.00 213.40
144.44 203.77
133.33 203.77
138.89 194.15
133.33 184.53
122.22 184.53
116.67 194.15
111.11 184.53
100.00 184.53
105.56 174.91
100.00 165.28
111.11 165.28
116.67 155.66
111.11 146.04
100.00 146.04
105.56 136.42
100.00 126.79
111.11 126.79
116.67 117.17
122.22 126.79
133.33 126.79
138.89 117.17
133.33 107.55
144.44 107.55
150.00 97.93
155.56 107.55
166.67 107.55
161.11 117.17
166.67 126.79
177.78 126.79
183.33 117.17
188.89 126.79
200.00 126.79
205.56 117.17
200.00 107.55
211.11 107.55
216.67 97.93
211.11 88.30
200.00 88.30
205.56 78.68
200.00 69.06
211.11 69.06
216.67 59.44
222.22 69.06
233.33 69.06
238.89 59.44
233.33 49.81
244.44 49.81
250.00 40.19
255.56 49.81
266.67 49.81
261.11 59.44
266.67 69.06
277.78 69.06
283.33 59.44
288.89 69.06
300.00 69.06
294.44 78.68
300.00 88.30
288.89 88.30
283.33 97.93
288.89 107.55
300.00 107.55
294.44 117.17
300.00 126.79
311.11 126.79
316.67 117.17
322.22 126.79
333.33 126.79
338.89 117.17
333.33 107.55
344.44 107.55
350.00 97.93
355.56 107.55
366.67 107.55
361.11 117.17
366.67 126.79
377.78 126.79
383.33 117.17
388.89 126.79
400.00 126.79
394.44 136.42
400.00 146.04
388.89 146.04
383.33 155.66
388.89 165.28
400.00 165.28
394.44 174.91
400.00 184.53
388.89 184.53
383.33 194.15
377.78 184.53
366.67 184.53
361.11 194.15
366.67 203.77
355.56 203.77
350.00 213.40
355.56 223.02
366.67 223.02
361.11 232.64
366.67 242.26
377.78 242.26
383.33 232.64
388.89 242.26
400.00 242.26
394.44 251.89
400.00 261.51
388.89 261.51
383.33 271.13
388.89 280.75
400.00 280.75
394.44 290.38
400.00 300.00
388.89 300.00
383.33 309.62
377.78 300.00
366.67 300.00
361.11 309.62
366.67 319.25
355.56 319.25
350.00 328.87
344.44 319.25
333.33 319.25
338.89 309.62
333.33 300.00
322.22 300.00
316.67 309.62
311.11 300.00
300.00 300.00
294.44 309.62
300.00 319.25
288.89 319.25
283.33 328.87
288.89 338.49
300.00 338.49
294.44 348.11
300.00 357.74
288.89 357.74
283.33 367.36
277.78 357.74
266.67 357.74
261.11 367.36
266.67 376.98
255.56 376.98
250.00 386.60
244.44 376.98
233.33 376.98
238.89 367.36
233.33 357.74
222.22 357.74
216.67 367.36
211.11 357.74
200.00 357.74
205.56 348.11
200.00 338.49
211.11 338.49
216.67 328.87
211.11 319.25
200.00 319.25
205.56 309.62
200.00 300.00
188.89 300.00
183.33 309.62
177.78 300.00
166.67 300.00
161.11 309.62
166.67 319.25
155.56 319.25
150.00 328.87
144.44 319.25
133.33 319.25
138.89 309.62
133.33 300.00
122.22 300.00
116.67 309.62
111.11 300.00
