100.00 410.00
122.78 370.55
100.00 331.10
145.56 331.10
168.33 291.64
145.56 252.19
100.00 252.19
122.78 212.74
100.00 173.29
145.56 173.29
168.33 133.83
191.11 173.29
236.67 173.29
259.44 133.83
236.67 94.38
282.22 94.38
305.00 54.93
327.78 94.38
373.33 94.38
350.56 133.83
373.33 173.29
418.89 173.29
441.67 133.83
464.44 173.29
510.00 173.29
487.22 212.74
510.00 252.19
464.44 252.19
441.67 291.64
464.44 331.10
510.00 331.10
487.22 370.55
510.00 410.00
464.44 410.00
441.67 449.45
418.89 410.00
373.33 410.00
350.56 449.45
373.33 488.90
327.78 488.90
305.00 528.36
282.22 488.90
236.67 488.90
259.44 449.45
236.67 410.00
191.11 410.00
168.33 449.45
145.56 410.00
