100.00 100.00
101.85 96.79
100.00 93.58
103.70 93.58
105.56 90.38
103.70 87.17
100.00 87.17
101.85 83.96
100.00 80.75
103.70 80.75
105.56 77.55
107.41 80.75
111.11 80.75
112.96 77.55
111.11 74.34
114.81 74.34
116.67 71.13
114.81 67.92
111.11 67.92
112.96 64.72
111.11 61.51
107.41 61.51
105.56 64.72
103.70 61.51
100.00 61.51
101.85 58.30
100.00 55.09
103.70 55.09
105.56 51.89
103.70 48.68
100.00 48.68
101.85 45.47
100.00 42.26
103.70 42.26
105.56 39.06
107.41 42.26
111.11 42.26
112.96 39.06
111.11 35.85
114.81 35.85
116.67 32.64
118.52 35.85
122.22 35.85
120.37 39.06
122.22 42.26
125.93 42.26
127.78 39.06
129.63 42.26
133.33 42.26
135.19 39.06
133.33 35.85
137.04 35.85
138.89 32.64
137.04 29.43
133.33 29.43
135.19 26.23
133.33 23.02
137.04 23.02
138.89 19.81
140.74 23.02
144.44 23.02
146.30 19.81
144.44 16.60
148.15 16.60
150.00 13.40
151.85 16.60
155.56 16.60
153.70 19.81
155.56 23.02
159.26 23.02
161.11 19.81
162.96 23.02
166.67 23.02
164.81 26.23
166.67 29.43
162.96 29.43
161.11 32.64
162.96 35.85
166.67 35.85
164.81 39.06
166.67 42.26
170.37 42.26
172.22 39.06
174.07 42.26
177.78 42.26
179.63 39.06
177.78 35.85
181.48 35.85
183.33 32.64
185.19 35.85
188.89 35.85
187.04 39.06
188.89 42.26
192.59 42.26
194.44 39.06
196.30 42.26
200.00 42.26
198.15 45.47
200.00 48.68
196.30 48.68
194.44 51.89
196.30 55.09
200.00 55.09
198.15 58.30
200.00 61.51
196.30 61.51
194.44 64.72
192.59 61.51
188.89 61.51
187.04 64.72
188.89 67.92
185.19 67.92
183.33 71.13
185.19 74.34
188.89 74.34
187.04 77.55
188.89 80.75
192.59 80.75
194.44 77.55
196.30 80.75
200.00 80.75
198.15 83.96
200.00 87.17
196.30 87.17
194.44 90.38
196.30 93.58
200.00 93.58
198.15 96.79
200.00 100.00
196.30 100.00
194.44 103.21
192.59 100.00
188.89 100.00
187.04 103.21
188.89 106.42
185.19 106.42
183.33 109.62
181.48 106.42
177.78 106.42
179.63 103.21
177.78 100.00
174.07 100.00
172.22 103.21
170.37 100.00
166.67 100.00
164.81 103.21
166.67 106.42
162.96 106.42
161.11 109.62
162.96 112.83
166.67 112.83
164.81 116.04
166.67 119.25
162.96 119.25
161.11 122.45
159.26 119.25
155.56 119.25
153.70 122.45
155.56 125.66
151.85 125.66
150.00 128.87
148.15 125.66
144.44 125.66
146.30 122.45
144.44 119.25
140.74 119.25
138.89 122.45
137.04 119.25
133.33 119.25
135.19 116.04
133.33 112.83
137.04 112.83
138.89 109.62
137.04 106.42
133.33 106.42
135.19 103.21
133.33 100.00
129.63 100.00
127.78 103.21
125.93 100.00
122.22 100.00
120.37 103.21
122.22 106.42
118.52 106.42
116.67 109.62
114.81 106.42
111.11 106.42
112.96 103.21
111.11 100.00
107.41 100.00
105.56 103.21
103.70 100.00
