100.00 500.00
103.09 494.65
100.00 489.31
106.17 489.31
109.26 483.96
106.17 478.62
100.00 478.62
103.09 473.27
100.00 467.92
106.17 467.92
109.26 462.58
112.35 467.92
118.52 467.92
121.60 462.58
118.52 457.23
124.69 457.23
127.78 451.89
124.69 446.54
118.52 446.54
121.60 441.20
118.52 435.85
112.35 435.85
109.26 441.20
106.17 435.85
100.00 435.85
103.09 430.50
100.00 425.16
106.17 425.16
109.26 419.81
106.17 414.47
100.00 414.47
103.09 409.12
100.00 403.77
106.17 403.77
109.26 398.43
112.35 403.77
118.52 403.77
121.60 398.43
118.52 393.08
124.69 393.08
127.78 387.74
130.86 393.08
137.04 393.08
133.95 398.43
137.04 403.77
143.21 403.77
146.30 398.43
149.38 403.77
155.56 403.77
158.64 398.43
155.56 393.08
161.73 393.08
164.81 387.74
161.73 382.39
155.56 382.39
158.64 377.05
155.56 371.70
161.73 371.70
164.81 366.35
167.90 371.70
174.07 371.70
177.16 366.35
174.07 361.01
180.25 361.01
183.33 355.66
180.25 350.32
174.07 350.32
177.16 344.97
174.07 339.62
167.90 339.62
164.81 344.97
161.73 339.62
155.56 339.62
158.64 334.28
155.56 328.93
161.73 328.93
164.81 323.59
161.73 318.24
155.56 318.24
158.64 312.90
155.56 307.55
149.38 307.55
146.30 312.90
143.21 307.55
137.04 307.55
133.95 312.90
137.04 318.24
130.86 318.24
127.78 323.59
124.69 318.24
118.52 318.24
121.60 312.90
118.52 307.55
112.35 307.55
109.26 312.90
106.17 307.55
100.00 307.55
103.09 302.20
100.00 296.86
106.17 296.86
109.26 291.51
106.17 286.17
100.00 286.17
103.09 280.82
100.00 275.47
106.17 275.47
109.26 270.13
112.35 275.47
118.52 275.47
121.60 270.13
118.52 264.78
124.69 264.78
127.78 259.44
124.69 254.09
118.52 254.09
121.60 248.75
118.52 243.40
112.35 243.40
109.26 248.75
106.17 243.40
100.00 243.40
103.09 238.05
100.00 232.71
106.17 232.71
109.26 227.36
106.17 222.02
100.00 222.02
103.09 216.67
100.00 211.32
106.17 211.32
109.26 205.98
112.35 211.32
118.52 211.32
121.60 205.98
118.52 200.63
124.69 200.63
127.78 195.29
130.86 200.63
137.04 200.63
133.95 205.98
137.04 211.32
143.21 211.32
146.30 205.98
149.38 211.32
155.56 211.32
158.64 205.98
155.56 200.63
161.73 200.63
164.81 195.29
161.73 189.94
155.56 189.94
158.64 184.60
155.56 179.25
161.73 179.25
164.81 173.90
167.90 179.25
174.07 179.25
177.16 173.90
174.07 168.56
180.25 168.56
183.33 163.21
186.42 168.56
192.59 168.56
189.51 173.90
192.59 179.25
198.77 179.25
201.85 173.90
204.94 179.25
211.11 179.25
208.02 184.60
211.11 189.94
204.94 189.94
201.85 195.29
204.94 200.63
211.11 200.63
208.02 205.98
211.11 211.32
217.28 211.32
220.37 205.98
223.46 211.32
229.63 211.32
232.72 205.98
229.63 200.63
235.80 200.63
238.89 195.29
241.98 200.63
248.15 200.63
245.06 205.98
248.15 211.32
254.32 211.32
257.41 205.98
260.49 211.32
266.67 211.32
269.75 205.98
266.67 200.63
272.84 200.63
275.93 195.29
272.84 189.94
266.67 189.94
269.75 184.60
266.67 179.25
272.84 179.25
275.93 173.90
279.01 179.25
285.19 179.25
288.27 173.90
285.19 168.56
291.36 168.56
294.44 163.21
291.36 157.87
285.19 157.87
288.27 152.52
285.19 147.17
279.01 147.17
275.93 152.52
272.84 147.17
266.67 147.17
269.75 141.83
266.67 136.48
272.84 136.48
275.93 131.14
272.84 125.79
266.67 125.79
269.75 120.45
266.67 115.10
272.84 115.10
275.93 109.75
279.01 115.10
285.19 115.10
288.27 109.75
285.19 104.41
291.36 104.41
294.44 99.06
297.53 104.41
303.70 104.41
300.62 109.75
303.70 115.10
309.88 115.10
312.96 109.75
316.05 115.10
322.22 115.10
325.31 109.75
322.22 104.41
328.40 104.41
331.48 99.06
328.40 93.72
322.22 93.72
325.31 88.37
322.22 83.02
328.40 83.02
331.48 77.68
334.57 83.02
340.74 83.02
343.83 77.68
340.74 72.33
346.91 72.33
350.00 66.99
353.09 72.33
359.26 72.33
356.17 77.68
359.26 83.02
365.43 83.02
368.52 77.68
371.60 83.02
377.78 83.02
374.69 88.37
377.78 93.72
371.60 93.72
368.52 99.06
371.60 104.41
377.78 104.41
374.69 109.75
377.78 115.10
383.95 115.10
387.04 109.75
390.12 115.10
396.30 115.10
399.38 109.75
396.30 104.41
402.47 104.41
405.56 99.06
408.64 104.41
414.81 104.41
411.73 109.75
414.81 115.10
420.99 115.10
424.07 109.75
427.16 115.10
433.33 115.10
430.25 120.45
433.33 125.79
427.16 125.79
424.07 131.14
427.16 136.48
433.33 136.48
430.25 141.83
433.33 147.17
427.16 147.17
424.07 152.52
420.99 147.17
414.81 147.17
411.73 152.52
414.81 157.87
408.64 157.87
405.56 163.21
408.64 168.56
414.81 168.56
411.73 173.90
414.81 179.25
420.99 179.25
424.07 173.90
427.16 179.25
433.33 179.25
430.25 184.60
433.33 189.94
427.16 189.94
424.07 195.29
427.16 200.63
433.33 200.63
430.25 205.98
433.33 211.32
439.51 211.32
442.59 205.98
445.68 211.32
451.85 211.32
454.94 205.98
451.85 200.63
458.02 200.63
461.11 195.29
464.20 200.63
470.37 200.63
467.28 205.98
470.37 211.32
476.54 211.32
479.63 205.98
482.72 211.32
488.89 211.32
491.98 205.98
488.89 200.63
495.06 200.63
498.15 195.29
495.06 189.94
488.89 189.94
491.98 184.60
488.89 179.25
495.06 179.25
498.15 173.90
501.23 179.25
507.41 179.25
510.49 173.90
507.41 168.56
513.58 168.56
516.67 163.21
519.75 168.56
525.93 168.56
522.84 173.90
525.93 179.25
532.10 179.25
535.19 173.90
538.27 179.25
544.44 179.25
541.36 184.60
544.44 189.94
538.27 189.94
535.19 195.29
538.27 200.63
544.44 200.63
541.36 205.98
544.44 211.32
550.62 211.32
553.70 205.98
556.79 211.32
562.96 211.32
566.05 205.98
562.96 200.63
569.14 200.63
572.22 195.29
575.31 200.63
581.48 200.63
578.40 205.98
581.48 211.32
587.65 211.32
590.74 205.98
593.83 211.32
600.00 211.32
596.91 216.67
600.00 222.02
593.83 222.02
590.74 227.36
593.83 232.71
600.00 232.71
596.91 238.05
600.00 243.40
593.83 243.40
590.74 248.75
587.65 243.40
581.48 243.40
578.40 248.75
581.48 254.09
575.31 254.09
572.22 259.44
575.31 264.78
581.48 264.78
578.40 270.13
581.48 275.47
587.65 275.47
590.74 270.13
593.83 275.47
600.00 275.47
596.91 280.82
600.00 286.17
593.83 286.17
590.74 291.51
593.83 296.86
600.00 296.86
596.91 302.20
600.00 307.55
593.83 307.55
590.74 312.90
587.65 307.55
581.48 307.55
578.40 312.90
581.48 318.24
575.31 318.24
572.22 323.59
569.14 318.24
562.96 318.24
566.05 312.90
562.96 307.55
556.79 307.55
553.70 312.90
550.62 307.55
544.44 307.55
541.36 312.90
544.44 318.24
538.27 318.24
535.19 323.59
538.27 328.93
544.44 328.93
541.36 334.28
544.44 339.62
538.27 339.62
535.19 344.97
532.10 339.62
525.93 339.62
522.84 344.97
525.93 350.32
519.75 350.32
516.67 355.66
519.75 361.01
525.93 361.01
522.84 366.35
525.93 371.70
532.10 371.70
535.19 366.35
538.27 371.70
544.44 371.70
541.36 377.05
544.44 382.39
538.27 382.39
535.19 387.74
538.27 393.08
544.44 393.08
541.36 398.43
544.44 403.77
550.62 403.77
553.70 398.43
556.79 403.77
562.96 403.77
566.05 398.43
562.96 393.08
569.14 393.08
572.22 387.74
575.31 393.08
581.48 393.08
578.40 398.43
581.48 403.77
587.65 403.77
590.74 398.43
593.83 403.77
600.00 403.77
596.91 409.12
600.00 414.47
593.83 414.47
590.74 419.81
593.83 425.16
600.00 425.16
596.91 430.50
600.00 435.85
593.83 435.85
590.74 441.20
587.65 435.85
581.48 435.85
578.40 441.20
581.48 446.54
575.31 446.54
572.22 451.89
575.31 457.23
581.48 457.23
578.40 462.58
581.48 467.92
587.65 467.92
590.74 462.58
593.83 467.92
600.00 467.92
596.91 473.27
600.00 478.62
593.83 478.62
590.74 483.96
593.83 489.31
600.00 489.31
596.91 494.65
600.00 500.00
593.83 500.00
590.74 505.35
587.65 500.00
581.48 500.00
578.40 505.35
581.48 510.69
575.31 510.69
572.22 516.04
569.14 510.69
562.96 510.69
566.05 505.35
562.96 500.00
556.79 500.00
553.70 505.35
550.62 500.00
544.44 500.00
541.36 505.35
544.44 510.69
538.27 510.69
535.19 516.04
538.27 521.38
544.44 521.38
541.36 526.73
544.44 532.08
538.27 532.08
535.19 537.42
532.10 532.08
525.93 532.08
522.84 537.42
525.93 542.77
519.75 542.77
516.67 548.11
513.58 542.77
507.41 542.77
510.49 537.42
507.41 532.08
501.23 532.08
498.15 537.42
495.06 532.08
488.89 532.08
491.98 526.73
488.89 521.38
495.06 521.38
498.15 516.04
495.06 510.69
488.89 510.69
491.98 505.35
488.89 500.00
482.72 500.00
479.63 505.35
476.54 500.00
470.37 500.00
467.28 505.35
470.37 510.69
464.20 510.69
461.11 516.04
458.02 510.69
451.85 510.69
454.94 505.35
451.85 500.00
445.68 500.00
442.59 505.35
439.51 500.00
433.33 500.00
430.25 505.35
433.33 510.69
427.16 510.69
424.07 516.04
427.16 521.38
433.33 521.38
430.25 526.73
433.33 532.08
427.16 532.08
424.07 537.42
420.99 532.08
414.81 532.08
411.73 537.42
414.81 542.77
408.64 542.77
405.56 548.11
408.64 553.46
414.81 553.46
411.73 558.80
414.81 564.15
420.99 564.15
424.07 558.80
427.16 564.15
433.33 564.15
430.25 569.50
433.33 574.84
427.16 574.84
424.07 580.19
427.16 585.53
433.33 585.53
430.25 590.88
433.33 596.23
427.16 596.23
424.07 601.57
420.99 596.23
414.81 596.23
411.73 601.57
414.81 606.92
408.64 606.92
405.56 612.26
402.47 606.92
396.30 606.92
399.38 601.57
396.30 596.23
390.12 596.23
387.04 601.57
383.95 596.23
377.78 596.23
374.69 601.57
377.78 606.92
371.60 606.92
368.52 612.26
371.60 617.61
377.78 617.61
374.69 622.95
377.78 628.30
371.60 628.30
368.52 633.65
365.43 628.30
359.26 628.30
356.17 633.65
359.26 638.99
353.09 638.99
350.00 644.34
346.91 638.99
340.74 638.99
343.83 633.65
340.74 628.30
334.57 628.30
331.48 633.65
328.40 628.30
322.22 628.30
325.31 622.95
322.22 617.61
328.40 617.61
331.48 612.26
328.40 606.92
322.22 606.92
325.31 601.57
322.22 596.23
316.05 596.23
312.96 601.57
309.88 596.23
303.70 596.23
300.62 601.57
303.70 606.92
297.53 606.92
294.44 612.26
291.36 606.92
285.19 606.92
288.27 601.57
285.19 596.23
279.01 596.23
275.93 601.57
272.84 596.23
266.67 596.23
269.75 590.88
266.67 585.53
272.84 585.53
275.93 580.19
272.84 574.84
266.67 574.84
269.75 569.50
266.67 564.15
272.84 564.15
275.93 558.80
279.01 564.15
285.19 564.15
288.27 558.80
285.19 553.46
291.36 553.46
294.44 548.11
291.36 542.77
285.19 542.77
288.27 537.42
285.19 532.08
279.01 532.08
275.93 537.42
272.84 532.08
266.67 532.08
269.75 526.73
266.67 521.38
272.84 521.38
275.93 516.04
272.84 510.69
266.67 510.69
269.75 505.35
266.67 500.00
260.49 500.00
257.41 505.35
254.32 500.00
248.15 500.00
245.06 505.35
248.15 510.69
241.98 510.69
238.89 516.04
235.80 510.69
229.63 510.69
232.72 505.35
229.63 500.00
223.46 500.00
220.37 505.35
217.28 500.00
211.11 500.00
208.02 505.35
211.11 510.69
204.94 510.69
201.85 516.04
204.94 521.38
211.11 521.38
208.02 526.73
211.11 532.08
204.94 532.08
201.85 537.42
198.77 532.08
192.59 532.08
189.51 537.42
192.59 542.77
186.42 542.77
183.33 548.11
180.25 542.77
174.07 542.77
177.16 537.42
174.07 532.08
167.90 532.08
164.81 537.42
161.73 532.08
155.56 532.08
158.64 526.73
155.56 521.38
161.73 521.38
164.81 516.04
161.73 510.69
155.56 510.69
158.64 505.35
155.56 500.00
149.38 500.00
146.30 505.35
143.21 500.00
137.04 500.00
133.95 505.35
137.04 510.69
130.86 510.69
127.78 516.04
124.69 510.69
118.52 510.69
121.60 505.35
118.52 500.00
112.35 500.00
109.26 505.35
106.17 500.00
