10.00 10.00
10.56 9.04
10.00 8.08
11.11 8.08
11.67 7.11
11.11 6.15
10.00 6.15
10.56 5.19
10.00 4.23
11.11 4.23
11.67 3.26
12.22 4.23
13.33 4.23
13.89 3.26
13.33 2.30
14.44 2.30
15.00 1.34
15.56 2.30
16.67 2.30
16.11 3.26
16.67 4.23
17.78 4.23
18.33 3.26
18.89 4.23
20.00 4.23
19.44 5.19
20.00 6.15
18.89 6.15
18.33 7.11
18.89 8.08
20.00 8.08
19.44 9.04
20.00 10.00
18.89 10.00
18.33 10.96
17.78 10.00
16.67 10.00
16.11 10.96
16.67 11.92
15.56 11.92
15.00 12.89
14.44 11.92
13.33 11.92
13.89 10.96
13.33 10.00
12.22 10.00
11.67 10.96
11.11 10.00
