100.00 100.00
100.61 98.94
100.00 97.88
101.22 97.88
101.83 96.82
101.22 95.77
100.00 95.77
100.61 94.71
100.00 93.65
101.22 93.65
101.83 92.59
102.44 93.65
103.67 93.65
104.28 92.59
103.67 91.53
104.89 91.53
105.50 90.47
106.11 91.53
107.33 91.53
106.72 92.59
107.33 93.65
108.56 93.65
109.17 92.59
109.78 93.65
111.00 93.65
110.39 94.71
111.00 95.77
109.78 95.77
109.17 96.82
109.78 97.88
111.00 97.88
110.39 98.94
111.00 100.00
109.78 100.00
109.17 101.06
108.56 100.00
107.33 100.00
106.72 101.06
107.33 102.12
106.11 102.12
105.50 103.18
104.89 102.12
103.67 102.12
104.28 101.06
103.67 100.00
102.44 100.00
101.83 101.06
101.22 100.00
