100.00 400.00
122.22 361.51
100.00 323.02
144.44 323.02
166.67 284.53
144.44 246.04
100.00 246.04
122.22 207.55
100.00 169.06
144.44 169.06
166.67 130.57
188.89 169.06
233.33 169.06
255.56 130.57
233.33 92.08
277.78 92.08
300.00 53.59
322.22 92.08
366.67 92.08
344.44 130.57
366.67 169.06
411.11 169.06
433.33 130.57
455.56 169.06
500.00 169.06
477.78 207.55
500.00 246.04
455.56 246.04
433.33 284.53
455.56 323.02
500.00 323.02
477.78 361.51
500.00 400.00
455.56 400.00
433.33 438.49
411.11 400.00
366.67 400.00
344.44 438.49
366.67 476.98
322.22 476.98
300.00 515.47
277.78 476.98
233.33 476.98
255.56 438.49
233.33 400.00
188.89 400.00
166.67 438.49
144.44 400.00
