100.00 450.00
100.93 448.40
100.00 446.79
101.85 446.79
102.78 445.19
101.85 443.58
100.00 443.58
100.93 441.98
100.00 440.38
101.85 440.38
102.78 438.77
103.70 440.38
105.56 440.38
106.48 438.77
105.56 437.17
107.41 437.17
108.33 435.57
107.41 433.96
105.56 433.96
106.48 432.36
105.56 430.75
103.70 430.75
102.78 432.36
101.85 430.75
100.00 430.75
100.93 429.15
100.00 427.55
101.85 427.55
102.78 425.94
101.85 424.34
100.00 424.34
100.93 422.74
100.00 421.13
101.85 421.13
102.78 419.53
103.70 421.13
105.56 421.13
106.48 419.53
105.56 417.92
107.41 417.92
108.33 416.32
109.26 417.92
111.11 417.92
110.19 419.53
111.11 421.13
112.96 421.13
113.89 419.53
114.81 421.13
116.67 421.13
117.59 419.53
116.67 417.92
118.52 417.92
119.44 416.32
118.52 414.72
116.67 414.72
117.59 413.11
116.67 411.51
118.52 411.51
119.44 409.91
120.37 411.51
122.22 411.51
123.15 409.91
122.22 408.30
124.07 408.30
125.00 406.70
124.07 405.09
122.22 405.09
123.15 403.49
122.22 401.89
120.37 401.89
119.44 403.49
118.52 401.89
116.67 401.89
117.59 400.28
116.67 398.68
118.52 398.68
119.44 397.08
118.52 395.47
116.67 395.47
117.59 393.87
116.67 392.26
114.81 392.26
113.89 393.87
112.96 392.26
111.11 392.26
110.19 393.87
111.11 395.47
109.26 395.47
108.33 397.08
107.41 395.47
105.56 395.47
106.48 393.87
105.56 392.26
103.70 392.26
102.78 393.87
101.85 392.26
100.00 392.26
100.93 390.66
100.00 389.06
101.85 389.06
102.78 387.45
101.85 385.85
100.00 385.85
100.93 384.25
100.00 382.64
101.85 382.64
102.78 381.04
103.70 382.64
105.56 382.64
106.48 381.04
105.56 379.43
107.41 379.43
108.33 377.83
107.41 376.23
105.56 376.23
106.48 374.62
105.56 373.02
103.70 373.02
102.78 374.62
101.85 373.02
100.00 373.02
100.93 371.42
100.00 369.81
101.85 369.81
102.78 368.21
101.85 366.60
100.00 366.60
100.93 365.00
100.00 363.40
101.85 363.40
102.78 361.79
103.70 363.40
105.56 363.40
106.48 361.79
105.56 360.19
107.41 360.19
108.33 358.59
109.26 360.19
111.11 360.19
110.19 361.79
111.11 363.40
112.96 363.40
113.89 361.79
114.81 363.40
116.67 363.40
117.59 361.79
116.67 360.19
118.52 360.19
119.44 358.59
118.52 356.98
116.67 356.98
117.59 355.38
116.67 353.77
118.52 353.77
119.44 352.17
120.37 353.77
122.22 353.77
123.15 352.17
122.22 350.57
124.07 350.57
125.00 348.96
125.93 350.57
127.78 350.57
126.85 352.17
127.78 353.77
129.63 353.77
130.56 352.17
131.48 353.77
133.33 353.77
132.41 355.38
133.33 356.98
131.48 356.98
130.56 358.59
131.48 360.19
133.33 360.19
132.41 361.79
133.33 363.40
135.19 363.40
136.11 361.79
137.04 363.40
138.89 363.40
139.81 361.79
138.89 360.19
140.74 360.19
141.67 358.59
142.59 360.19
144.44 360.19
143.52 361.79
144.44 363.40
146.30 363.40
147.22 361.79
148.15 363.40
150.00 363.40
150.93 361.79
150.00 360.19
151.85 360.19
152.78 358.59
151.85 356.98
150.00 356.98
150.93 355.38
150.00 353.77
151.85 353.77
152.78 352.17
153.70 353.77
155.56 353.77
156.48 352.17
155.56 350.57
157.41 350.57
158.33 348.96
157.41 347.36
155.56 347.36
156.48 345.76
155.56 344.15
153.70 344.15
152.78 345.76
151.85 344.15
150.00 344.15
150.93 342.55
150.00 340.94
151.85 340.94
152.78 339.34
151.85 337.74
150.00 337.74
150.93 336.13
150.00 334.53
151.85 334.53
152.78 332.93
153.70 334.53
155.56 334.53
156.48 332.93
155.56 331.32
157.41 331.32
158.33 329.72
159.26 331.32
161.11 331.32
160.19 332.93
161.11 334.53
162.96 334.53
163.89 332.93
164.81 334.53
166.67 334.53
167.59 332.93
166.67 331.32
168.52 331.32
169.44 329.72
168.52 328.11
166.67 328.11
167.59 326.51
166.67 324.91
168.52 324.91
169.44 323.30
170.37 324.91
172.22 324.91
173.15 323.30
172.22 321.70
174.07 321.70
175.00 320.10
174.07 318.49
172.22 318.49
173.15 316.89
172.22 315.28
170.37 315.28
169.44 316.89
168.52 315.28
166.67 315.28
167.59 313.68
166.67 312.08
168.52 312.08
169.44 310.47
168.52 308.87
166.67 308.87
167.59 307.27
166.67 305.66
164.81 305.66
163.89 307.27
162.96 305.66
161.11 305.66
160.19 307.27
161.11 308.87
159.26 308.87
158.33 310.47
157.41 308.87
155.56 308.87
156.48 307.27
155.56 305.66
153.70 305.66
152.78 307.27
151.85 305.66
150.00 305.66
150.93 304.06
150.00 302.45
151.85 302.45
152.78 300.85
151.85 299.25
150.00 299.25
150.93 297.64
150.00 296.04
151.85 296.04
152.78 294.44
153.70 296.04
155.56 296.04
156.48 294.44
155.56 292.83
157.41 292.83
158.33 291.23
157.41 289.62
155.56 289.62
156.48 288.02
155.56 286.42
153.70 286.42
152.78 288.02
151.85 286.42
150.00 286.42
150.93 284.81
150.00 283.21
151.85 283.21
152.78 281.61
151.85 280.00
150.00 280.00
150.93 278.40
150.00 276.79
148.15 276.79
147.22 278.40
146.30 276.79
144.44 276.79
143.52 278.40
144.44 280.00
142.59 280.00
141.67 281.61
140.74 280.00
138.89 280.00
139.81 278.40
138.89 276.79
137.04 276.79
136.11 278.40
135.19 276.79
133.33 276.79
132.41 278.40
133.33 280.00
131.48 280.00
130.56 281.61
131.48 283.21
133.33 283.21
132.41 284.81
133.33 286.42
131.48 286.42
130.56 288.02
129.63 286.42
127.78 286.42
126.85 288.02
127.78 289.62
125.93 289.62
125.00 291.23
124.07 289.62
122.22 289.62
123.15 288.02
122.22 286.42
120.37 286.42
119.44 288.02
118.52 286.42
116.67 286.42
117.59 284.81
116.67 283.21
118.52 283.21
119.44 281.61
118.52 280.00
116.67 280.00
117.59 278.40
116.67 276.79
114.81 276.79
113.89 278.40
112.96 276.79
111.11 276.79
110.19 278.40
111.11 280.00
109.26 280.00
108.33 281.61
107.41 280.00
105.56 280.00
106.48 278.40
105.56 276.79
103.70 276.79
102.78 278.40
101.85 276.79
100.00 276.79
100.93 275.19
100.00 273.59
101.85 273.59
102.78 271.98
101.85 270.38
100.00 270.38
100.93 268.78
100.00 267.17
101.85 267.17
102.78 265.57
103.70 267.17
105.56 267.17
106.48 265.57
105.56 263.96
107.41 263.96
108.33 262.36
107.41 260.76
105.56 260.76
106.48 259.15
105.56 257.55
103.70 257.55
102.78 259.15
101.85 257.55
100.00 257.55
100.93 255.95
100.00 254.34
101.85 254.34
102.78 252.74
101.85 251.13
100.00 251.13
100.93 249.53
100.00 247.93
101.85 247.93
102.78 246.32
103.70 247.93
105.56 247.93
106.48 246.32
105.56 244.72
107.41 244.72
108.33 243.12
109.26 244.72
111.11 244.72
110.19 246.32
111.11 247.93
112.96 247.93
113.89 246.32
114.81 247.93
116.67 247.93
117.59 246.32
116.67 244.72
118.52 244.72
119.44 243.12
118.52 241.51
116.67 241.51
117.59 239.91
116.67 238.30
118.52 238.30
119.44 236.70
120.37 238.30
122.22 238.30
123.15 236.70
122.22 235.10
124.07 235.10
125.00 233.49
124.07 231.89
122.22 231.89
123.15 230.29
122.22 228.68
120.37 228.68
119.44 230.29
118.52 228.68
116.67 228.68
117.59 227.08
116.67 225.47
118.52 225.47
119.44 223.87
118.52 222.27
116.67 222.27
117.59 220.66
116.67 219.06
114.81 219.06
113.89 220.66
112.96 219.06
111.11 219.06
110.19 220.66
111.11 222.27
109.26 222.27
108.33 223.87
107.41 222.27
105.56 222.27
106.48 220.66
105.56 219.06
103.70 219.06
102.78 220.66
101.85 219.06
100.00 219.06
100.93 217.46
100.00 215.85
101.85 215.85
102.78 214.25
101.85 212.64
100.00 212.64
100.93 211.04
100.00 209.44
101.85 209.44
102.78 207.83
103.70 209.44
105.56 209.44
106.48 207.83
105.56 206.23
107.41 206.23
108.33 204.63
107.41 203.02
105.56 203.02
106.48 201.42
105.56 199.81
103.70 199.81
102.78 201.42
101.85 199.81
100.00 199.81
100.93 198.21
100.00 196.61
101.85 196.61
102.78 195.00
101.85 193.40
100.00 193.40
100.93 191.80
100.00 190.19
101.85 190.19
102.78 188.59
103.70 190.19
105.56 190.19
106.48 188.59
105.56 186.98
107.41 186.98
108.33 185.38
109.26 186.98
111.11 186.98
110.19 188.59
111.11 190.19
112.96 190.19
113.89 188.59
114.81 190.19
116.67 190.19
117.59 188.59
116.67 186.98
118.52 186.98
119.44 185.38
118.52 183.78
116.67 183.78
117.59 182.17
116.67 180.57
118.52 180.57
119.44 178.97
120.37 180.57
122.22 180.57
123.15 178.97
122.22 177.36
124.07 177.36
125.00 175.76
125.93 177.36
127.78 177.36
126.85 178.97
127.78 180.57
129.63 180.57
130.56 178.97
131.48 180.57
133.33 180.57
132.41 182.17
133.33 183.78
131.48 183.78
130.56 185.38
131.48 186.98
133.33 186.98
132.41 188.59
133.33 190.19
135.19 190.19
136.11 188.59
137.04 190.19
138.89 190.19
139.81 188.59
138.89 186.98
140.74 186.98
141.67 185.38
142.59 186.98
144.44 186.98
143.52 188.59
144.44 190.19
146.30 190.19
147.22 188.59
148.15 190.19
150.00 190.19
150.93 188.59
150.00 186.98
151.85 186.98
152.78 185.38
151.85 183.78
150.00 183.78
150.93 182.17
150.00 180.57
151.85 180.57
152.78 178.97
153.70 180.57
155.56 180.57
156.48 178.97
155.56 177.36
157.41 177.36
158.33 175.76
157.41 174.15
155.56 174.15
156.48 172.55
155.56 170.95
153.70 170.95
152.78 172.55
151.85 170.95
150.00 170.95
150.93 169.34
150.00 167.74
151.85 167.74
152.78 166.14
151.85 164.53
150.00 164.53
150.93 162.93
150.00 161.32
151.85 161.32
152.78 159.72
153.70 161.32
155.56 161.32
156.48 159.72
155.56 158.12
157.41 158.12
158.33 156.51
159.26 158.12
161.11 158.12
160.19 159.72
161.11 161.32
162.96 161.32
163.89 159.72
164.81 161.32
166.67 161.32
167.59 159.72
166.67 158.12
168.52 158.12
169.44 156.51
168.52 154.91
166.67 154.91
167.59 153.31
166.67 151.70
168.52 151.70
169.44 150.10
170.37 151.70
172.22 151.70
173.15 150.10
172.22 148.49
174.07 148.49
175.00 146.89
175.93 148.49
177.78 148.49
176.85 150.10
177.78 151.70
179.63 151.70
180.56 150.10
181.48 151.70
183.33 151.70
182.41 153.31
183.33 154.91
181.48 154.91
180.56 156.51
181.48 158.12
183.33 158.12
182.41 159.72
183.33 161.32
185.19 161.32
186.11 159.72
187.04 161.32
188.89 161.32
189.81 159.72
188.89 158.12
190.74 158.12
191.67 156.51
192.59 158.12
194.44 158.12
193.52 159.72
194.44 161.32
196.30 161.32
197.22 159.72
198.15 161.32
200.00 161.32
199.07 162.93
200.00 164.53
198.15 164.53
197.22 166.14
198.15 167.74
200.00 167.74
199.07 169.34
200.00 170.95
198.15 170.95
197.22 172.55
196.30 170.95
194.44 170.95
193.52 172.55
194.44 174.15
192.59 174.15
191.67 175.76
192.59 177.36
194.44 177.36
193.52 178.97
194.44 180.57
196.30 180.57
197.22 178.97
198.15 180.57
200.00 180.57
199.07 182.17
200.00 183.78
198.15 183.78
197.22 185.38
198.15 186.98
200.00 186.98
199.07 188.59
200.00 190.19
201.85 190.19
202.78 188.59
203.70 190.19
205.56 190.19
206.48 188.59
205.56 186.98
207.41 186.98
208.33 185.38
209.26 186.98
211.11 186.98
210.19 188.59
211.11 190.19
212.96 190.19
213.89 188.59
214.81 190.19
216.67 190.19
217.59 188.59
216.67 186.98
218.52 186.98
219.44 185.38
218.52 183.78
216.67 183.78
217.59 182.17
216.67 180.57
218.52 180.57
219.44 178.97
220.37 180.57
222.22 180.57
223.15 178.97
222.22 177.36
224.07 177.36
225.00 175.76
225.93 177.36
227.78 177.36
226.85 178.97
227.78 180.57
229.63 180.57
230.56 178.97
231.48 180.57
233.33 180.57
232.41 182.17
233.33 183.78
231.48 183.78
230.56 185.38
231.48 186.98
233.33 186.98
232.41 188.59
233.33 190.19
235.19 190.19
236.11 188.59
237.04 190.19
238.89 190.19
239.81 188.59
238.89 186.98
240.74 186.98
241.67 185.38
242.59 186.98
244.44 186.98
243.52 188.59
244.44 190.19
246.30 190.19
247.22 188.59
248.15 190.19
250.00 190.19
250.93 188.59
250.00 186.98
251.85 186.98
252.78 185.38
251.85 183.78
250.00 183.78
250.93 182.17
250.00 180.57
251.85 180.57
252.78 178.97
253.70 180.57
255.56 180.57
256.48 178.97
255.56 177.36
257.41 177.36
258.33 175.76
257.41 174.15
255.56 174.15
256.48 172.55
255.56 170.95
253.70 170.95
252.78 172.55
251.85 170.95
250.00 170.95
250.93 169.34
250.00 167.74
251.85 167.74
252.78 166.14
251.85 164.53
250.00 164.53
250.93 162.93
250.00 161.32
251.85 161.32
252.78 159.72
253.70 161.32
255.56 161.32
256.48 159.72
255.56 158.12
257.41 158.12
258.33 156.51
259.26 158.12
261.11 158.12
260.19 159.72
261.11 161.32
262.96 161.32
263.89 159.72
264.81 161.32
266.67 161.32
267.59 159.72
266.67 158.12
268.52 158.12
269.44 156.51
268.52 154.91
266.67 154.91
267.59 153.31
266.67 151.70
268.52 151.70
269.44 150.10
270.37 151.70
272.22 151.70
273.15 150.10
272.22 148.49
274.07 148.49
275.00 146.89
274.07 145.29
272.22 145.29
273.15 143.68
272.22 142.08
270.37 142.08
269.44 143.68
268.52 142.08
266.67 142.08
267.59 140.48
266.67 138.87
268.52 138.87
269.44 137.27
268.52 135.66
266.67 135.66
267.59 134.06
266.67 132.46
264.81 132.46
263.89 134.06
262.96 132.46
261.11 132.46
260.19 134.06
261.11 135.66
259.26 135.66
258.33 137.27
257.41 135.66
255.56 135.66
256.48 134.06
255.56 132.46
253.70 132.46
252.78 134.06
251.85 132.46
250.00 132.46
250.93 130.85
250.00 129.25
251.85 129.25
252.78 127.65
251.85 126.04
250.00 126.04
250.93 124.44
250.00 122.83
251.85 122.83
252.78 121.23
253.70 122.83
255.56 122.83
256.48 121.23
255.56 119.63
257.41 119.63
258.33 118.02
257.41 116.42
255.56 116.42
256.48 114.82
255.56 113.21
253.70 113.21
252.78 114.82
251.85 113.21
250.00 113.21
250.93 111.61
250.00 110.00
251.85 110.00
252.78 108.40
251.85 106.80
250.00 106.80
250.93 105.19
250.00 103.59
251.85 103.59
252.78 101.99
253.70 103.59
255.56 103.59
256.48 101.99
255.56 100.38
257.41 100.38
258.33 98.78
259.26 100.38
261.11 100.38
260.19 101.99
261.11 103.59
262.96 103.59
263.89 101.99
264.81 103.59
266.67 103.59
267.59 101.99
266.67 100.38
268.52 100.38
269.44 98.78
268.52 97.17
266.67 97.17
267.59 95.57
266.67 93.97
268.52 93.97
269.44 92.36
270.37 93.97
272.22 93.97
273.15 92.36
272.22 90.76
274.07 90.76
275.00 89.16
275.93 90.76
277.78 90.76
276.85 92.36
277.78 93.97
279.63 93.97
280.56 92.36
281.48 93.97
283.33 93.97
282.41 95.57
283.33 97.17
281.48 97.17
280.56 98.78
281.48 100.38
283.33 100.38
282.41 101.99
283.33 103.59
285.19 103.59
286.11 101.99
287.04 103.59
288.89 103.59
289.81 101.99
288.89 100.38
290.74 100.38
291.67 98.78
292.59 100.38
294.44 100.38
293.52 101.99
294.44 103.59
296.30 103.59
297.22 101.99
298.15 103.59
300.00 103.59
300.93 101.99
300.00 100.38
301.85 100.38
302.78 98.78
301.85 97.17
300.00 97.17
300.93 95.57
300.00 93.97
301.85 93.97
302.78 92.36
303.70 93.97
305.56 93.97
306.48 92.36
305.56 90.76
307.41 90.76
308.33 89.16
307.41 87.55
305.56 87.55
306.48 85.95
305.56 84.34
303.70 84.34
302.78 85.95
301.85 84.34
300.00 84.34
300.93 82.74
300.00 81.14
301.85 81.14
302.78 79.53
301.85 77.93
300.00 77.93
300.93 76.33
300.00 74.72
301.85 74.72
302.78 73.12
303.70 74.72
305.56 74.72
306.48 73.12
305.56 71.51
307.41 71.51
308.33 69.91
309.26 71.51
311.11 71.51
310.19 73.12
311.11 74.72
312.96 74.72
313.89 73.12
314.81 74.72
316.67 74.72
317.59 73.12
316.67 71.51
318.52 71.51
319.44 69.91
318.52 68.31
316.67 68.31
317.59 66.70
316.67 65.10
318.52 65.10
319.44 63.50
320.37 65.10
322.22 65.10
323.15 63.50
322.22 61.89
324.07 61.89
325.00 60.29
325.93 61.89
327.78 61.89
326.85 63.50
327.78 65.10
329.63 65.10
330.56 63.50
331.48 65.10
333.33 65.10
332.41 66.70
333.33 68.31
331.48 68.31
330.56 69.91
331.48 71.51
333.33 71.51
332.41 73.12
333.33 74.72
335.19 74.72
336.11 73.12
337.04 74.72
338.89 74.72
339.81 73.12
338.89 71.51
340.74 71.51
341.67 69.91
342.59 71.51
344.44 71.51
343.52 73.12
344.44 74.72
346.30 74.72
347.22 73.12
348.15 74.72
350.00 74.72
349.07 76.33
350.00 77.93
348.15 77.93
347.22 79.53
348.15 81.14
350.00 81.14
349.07 82.74
350.00 84.34
348.15 84.34
347.22 85.95
346.30 84.34
344.44 84.34
343.52 85.95
344.44 87.55
342.59 87.55
341.67 89.16
342.59 90.76
344.44 90.76
343.52 92.36
344.44 93.97
346.30 93.97
347.22 92.36
348.15 93.97
350.00 93.97
349.07 95.57
350.00 97.17
348.15 97.17
347.22 98.78
348.15 100.38
350.00 100.38
349.07 101.99
350.00 103.59
351.85 103.59
352.78 101.99
353.70 103.59
355.56 103.59
356.48 101.99
355.56 100.38
357.41 100.38
358.33 98.78
359.26 100.38
361.11 100.38
360.19 101.99
361.11 103.59
362.96 103.59
363.89 101.99
364.81 103.59
366.67 103.59
367.59 101.99
366.67 100.38
368.52 100.38
369.44 98.78
368.52 97.17
366.67 97.17
367.59 95.57
366.67 93.97
368.52 93.97
369.44 92.36
370.37 93.97
372.22 93.97
373.15 92.36
372.22 90.76
374.07 90.76
375.00 89.16
375.93 90.76
377.78 90.76
376.85 92.36
377.78 93.97
379.63 93.97
380.56 92.36
381.48 93.97
383.33 93.97
382.41 95.57
383.33 97.17
381.48 97.17
380.56 98.78
381.48 100.38
383.33 100.38
382.41 101.99
383.33 103.59
385.19 103.59
386.11 101.99
387.04 103.59
388.89 103.59
389.81 101.99
388.89 100.38
390.74 100.38
391.67 98.78
392.59 100.38
394.44 100.38
393.52 101.99
394.44 103.59
396.30 103.59
397.22 101.99
398.15 103.59
400.00 103.59
399.07 105.19
400.00 106.80
398.15 106.80
397.22 108.40
398.15 110.00
400.00 110.00
399.07 111.61
400.00 113.21
398.15 113.21
397.22 114.82
396.30 113.21
394.44 113.21
393.52 114.82
394.44 116.42
392.59 116.42
391.67 118.02
392.59 119.63
394.44 119.63
393.52 121.23
394.44 122.83
396.30 122.83
397.22 121.23
398.15 122.83
400.00 122.83
399.07 124.44
400.00 126.04
398.15 126.04
397.22 127.65
398.15 129.25
400.00 129.25
399.07 130.85
400.00 132.46
398.15 132.46
397.22 134.06
396.30 132.46
394.44 132.46
393.52 134.06
394.44 135.66
392.59 135.66
391.67 137.27
390.74 135.66
388.89 135.66
389.81 134.06
388.89 132.46
387.04 132.46
386.11 134.06
385.19 132.46
383.33 132.46
382.41 134.06
383.33 135.66
381.48 135.66
380.56 137.27
381.48 138.87
383.33 138.87
382.41 140.48
383.33 142.08
381.48 142.08
380.56 143.68
379.63 142.08
377.78 142.08
376.85 143.68
377.78 145.29
375.93 145.29
375.00 146.89
375.93 148.49
377.78 148.49
376.85 150.10
377.78 151.70
379.63 151.70
380.56 150.10
381.48 151.70
383.33 151.70
382.41 153.31
383.33 154.91
381.48 154.91
380.56 156.51
381.48 158.12
383.33 158.12
382.41 159.72
383.33 161.32
385.19 161.32
386.11 159.72
387.04 161.32
388.89 161.32
389.81 159.72
388.89 158.12
390.74 158.12
391.67 156.51
392.59 158.12
394.44 158.12
393.52 159.72
394.44 161.32
396.30 161.32
397.22 159.72
398.15 161.32
400.00 161.32
399.07 162.93
400.00 164.53
398.15 164.53
397.22 166.14
398.15 167.74
400.00 167.74
399.07 169.34
400.00 170.95
398.15 170.95
397.22 172.55
396.30 170.95
394.44 170.95
393.52 172.55
394.44 174.15
392.59 174.15
391.67 175.76
392.59 177.36
394.44 177.36
393.52 178.97
394.44 180.57
396.30 180.57
397.22 178.97
398.15 180.57
400.00 180.57
399.07 182.17
400.00 183.78
398.15 183.78
397.22 185.38
398.15 186.98
400.00 186.98
399.07 188.59
400.00 190.19
401.85 190.19
402.78 188.59
403.70 190.19
405.56 190.19
406.48 188.59
405.56 186.98
407.41 186.98
408.33 185.38
409.26 186.98
411.11 186.98
410.19 188.59
411.11 190.19
412.96 190.19
413.89 188.59
414.81 190.19
416.67 190.19
417.59 188.59
416.67 186.98
418.52 186.98
419.44 185.38
418.52 183.78
416.67 183.78
417.59 182.17
416.67 180.57
418.52 180.57
419.44 178.97
420.37 180.57
422.22 180.57
423.15 178.97
422.22 177.36
424.07 177.36
425.00 175.76
425.93 177.36
427.78 177.36
426.85 178.97
427.78 180.57
429.63 180.57
430.56 178.97
431.48 180.57
433.33 180.57
432.41 182.17
433.33 183.78
431.48 183.78
430.56 185.38
431.48 186.98
433.33 186.98
432.41 188.59
433.33 190.19
435.19 190.19
436.11 188.59
437.04 190.19
438.89 190.19
439.81 188.59
438.89 186.98
440.74 186.98
441.67 185.38
442.59 186.98
444.44 186.98
443.52 188.59
444.44 190.19
446.30 190.19
447.22 188.59
448.15 190.19
450.00 190.19
450.93 188.59
450.00 186.98
451.85 186.98
452.78 185.38
451.85 183.78
450.00 183.78
450.93 182.17
450.00 180.57
451.85 180.57
452.78 178.97
453.70 180.57
455.56 180.57
456.48 178.97
455.56 177.36
457.41 177.36
458.33 175.76
457.41 174.15
455.56 174.15
456.48 172.55
455.56 170.95
453.70 170.95
452.78 172.55
451.85 170.95
450.00 170.95
450.93 169.34
450.00 167.74
451.85 167.74
452.78 166.14
451.85 164.53
450.00 164.53
450.93 162.93
450.00 161.32
451.85 161.32
452.78 159.72
453.70 161.32
455.56 161.32
456.48 159.72
455.56 158.12
457.41 158.12
458.33 156.51
459.26 158.12
461.11 158.12
460.19 159.72
461.11 161.32
462.96 161.32
463.89 159.72
464.81 161.32
466.67 161.32
467.59 159.72
466.67 158.12
468.52 158.12
469.44 156.51
468.52 154.91
466.67 154.91
467.59 153.31
466.67 151.70
468.52 151.70
469.44 150.10
470.37 151.70
472.22 151.70
473.15 150.10
472.22 148.49
474.07 148.49
475.00 146.89
475.93 148.49
477.78 148.49
476.85 150.10
477.78 151.70
479.63 151.70
480.56 150.10
481.48 151.70
483.33 151.70
482.41 153.31
483.33 154.91
481.48 154.91
480.56 156.51
481.48 158.12
483.33 158.12
482.41 159.72
483.33 161.32
485.19 161.32
486.11 159.72
487.04 161.32
488.89 161.32
489.81 159.72
488.89 158.12
490.74 158.12
491.67 156.51
492.59 158.12
494.44 158.12
493.52 159.72
494.44 161.32
496.30 161.32
497.22 159.72
498.15 161.32
500.00 161.32
499.07 162.93
500.00 164.53
498.15 164.53
497.22 166.14
498.15 167.74
500.00 167.74
499.07 169.34
500.00 170.95
498.15 170.95
497.22 172.55
496.30 170.95
494.44 170.95
493.52 172.55
494.44 174.15
492.59 174.15
491.67 175.76
492.59 177.36
494.44 177.36
493.52 178.97
494.44 180.57
496.30 180.57
497.22 178.97
498.15 180.57
500.00 180.57
499.07 182.17
500.00 183.78
498.15 183.78
497.22 185.38
498.15 186.98
500.00 186.98
499.07 188.59
500.00 190.19
501.85 190.19
502.78 188.59
503.70 190.19
505.56 190.19
506.48 188.59
505.56 186.98
507.41 186.98
508.33 185.38
509.26 186.98
511.11 186.98
510.19 188.59
511.11 190.19
512.96 190.19
513.89 188.59
514.81 190.19
516.67 190.19
517.59 188.59
516.67 186.98
518.52 186.98
519.44 185.38
518.52 183.78
516.67 183.78
517.59 182.17
516.67 180.57
518.52 180.57
519.44 178.97
520.37 180.57
522.22 180.57
523.15 178.97
522.22 177.36
524.07 177.36
525.00 175.76
525.93 177.36
527.78 177.36
526.85 178.97
527.78 180.57
529.63 180.57
530.56 178.97
531.48 180.57
533.33 180.57
532.41 182.17
533.33 183.78
531.48 183.78
530.56 185.38
531.48 186.98
533.33 186.98
532.41 188.59
533.33 190.19
535.19 190.19
536.11 188.59
537.04 190.19
538.89 190.19
539.81 188.59
538.89 186.98
540.74 186.98
541.67 185.38
542.59 186.98
544.44 186.98
543.52 188.59
544.44 190.19
546.30 190.19
547.22 188.59
548.15 190.19
550.00 190.19
549.07 191.80
550.00 193.40
548.15 193.40
547.22 195.00
548.15 196.61
550.00 196.61
549.07 198.21
550.00 199.81
548.15 199.81
547.22 201.42
546.30 199.81
544.44 199.81
543.52 201.42
544.44 203.02
542.59 203.02
541.67 204.63
542.59 206.23
544.44 206.23
543.52 207.83
544.44 209.44
546.30 209.44
547.22 207.83
548.15 209.44
550.00 209.44
549.07 211.04
550.00 212.64
548.15 212.64
547.22 214.25
548.15 215.85
550.00 215.85
549.07 217.46
550.00 219.06
548.15 219.06
547.22 220.66
546.30 219.06
544.44 219.06
543.52 220.66
544.44 222.27
542.59 222.27
541.67 223.87
540.74 222.27
538.89 222.27
539.81 220.66
538.89 219.06
537.04 219.06
536.11 220.66
535.19 219.06
533.33 219.06
532.41 220.66
533.33 222.27
531.48 222.27
530.56 223.87
531.48 225.47
533.33 225.47
532.41 227.08
533.33 228.68
531.48 228.68
530.56 230.29
529.63 228.68
527.78 228.68
526.85 230.29
527.78 231.89
525.93 231.89
525.00 233.49
525.93 235.10
527.78 235.10
526.85 236.70
527.78 238.30
529.63 238.30
530.56 236.70
531.48 238.30
533.33 238.30
532.41 239.91
533.33 241.51
531.48 241.51
530.56 243.12
531.48 244.72
533.33 244.72
532.41 246.32
533.33 247.93
535.19 247.93
536.11 246.32
537.04 247.93
538.89 247.93
539.81 246.32
538.89 244.72
540.74 244.72
541.67 243.12
542.59 244.72
544.44 244.72
543.52 246.32
544.44 247.93
546.30 247.93
547.22 246.32
548.15 247.93
550.00 247.93
549.07 249.53
550.00 251.13
548.15 251.13
547.22 252.74
548.15 254.34
550.00 254.34
549.07 255.95
550.00 257.55
548.15 257.55
547.22 259.15
546.30 257.55
544.44 257.55
543.52 259.15
544.44 260.76
542.59 260.76
541.67 262.36
542.59 263.96
544.44 263.96
543.52 265.57
544.44 267.17
546.30 267.17
547.22 265.57
548.15 267.17
550.00 267.17
549.07 268.78
550.00 270.38
548.15 270.38
547.22 271.98
548.15 273.59
550.00 273.59
549.07 275.19
550.00 276.79
548.15 276.79
547.22 278.40
546.30 276.79
544.44 276.79
543.52 278.40
544.44 280.00
542.59 280.00
541.67 281.61
540.74 280.00
538.89 280.00
539.81 278.40
538.89 276.79
537.04 276.79
536.11 278.40
535.19 276.79
533.33 276.79
532.41 278.40
533.33 280.00
531.48 280.00
530.56 281.61
531.48 283.21
533.33 283.21
532.41 284.81
533.33 286.42
531.48 286.42
530.56 288.02
529.63 286.42
527.78 286.42
526.85 288.02
527.78 289.62
525.93 289.62
525.00 291.23
524.07 289.62
522.22 289.62
523.15 288.02
522.22 286.42
520.37 286.42
519.44 288.02
518.52 286.42
516.67 286.42
517.59 284.81
516.67 283.21
518.52 283.21
519.44 281.61
518.52 280.00
516.67 280.00
517.59 278.40
516.67 276.79
514.81 276.79
513.89 278.40
512.96 276.79
511.11 276.79
510.19 278.40
511.11 280.00
509.26 280.00
508.33 281.61
507.41 280.00
505.56 280.00
506.48 278.40
505.56 276.79
503.70 276.79
502.78 278.40
501.85 276.79
500.00 276.79
499.07 278.40
500.00 280.00
498.15 280.00
497.22 281.61
498.15 283.21
500.00 283.21
499.07 284.81
500.00 286.42
498.15 286.42
497.22 288.02
496.30 286.42
494.44 286.42
493.52 288.02
494.44 289.62
492.59 289.62
491.67 291.23
492.59 292.83
494.44 292.83
493.52 294.44
494.44 296.04
496.30 296.04
497.22 294.44
498.15 296.04
500.00 296.04
499.07 297.64
500.00 299.25
498.15 299.25
497.22 300.85
498.15 302.45
500.00 302.45
499.07 304.06
500.00 305.66
498.15 305.66
497.22 307.27
496.30 305.66
494.44 305.66
493.52 307.27
494.44 308.87
492.59 308.87
491.67 310.47
490.74 308.87
488.89 308.87
489.81 307.27
488.89 305.66
487.04 305.66
486.11 307.27
485.19 305.66
483.33 305.66
482.41 307.27
483.33 308.87
481.48 308.87
480.56 310.47
481.48 312.08
483.33 312.08
482.41 313.68
483.33 315.28
481.48 315.28
480.56 316.89
479.63 315.28
477.78 315.28
476.85 316.89
477.78 318.49
475.93 318.49
475.00 320.10
475.93 321.70
477.78 321.70
476.85 323.30
477.78 324.91
479.63 324.91
480.56 323.30
481.48 324.91
483.33 324.91
482.41 326.51
483.33 328.11
481.48 328.11
480.56 329.72
481.48 331.32
483.33 331.32
482.41 332.93
483.33 334.53
485.19 334.53
486.11 332.93
487.04 334.53
488.89 334.53
489.81 332.93
488.89 331.32
490.74 331.32
491.67 329.72
492.59 331.32
494.44 331.32
493.52 332.93
494.44 334.53
496.30 334.53
497.22 332.93
498.15 334.53
500.00 334.53
499.07 336.13
500.00 337.74
498.15 337.74
497.22 339.34
498.15 340.94
500.00 340.94
499.07 342.55
500.00 344.15
498.15 344.15
497.22 345.76
496.30 344.15
494.44 344.15
493.52 345.76
494.44 347.36
492.59 347.36
491.67 348.96
492.59 350.57
494.44 350.57
493.52 352.17
494.44 353.77
496.30 353.77
497.22 352.17
498.15 353.77
500.00 353.77
499.07 355.38
500.00 356.98
498.15 356.98
497.22 358.59
498.15 360.19
500.00 360.19
499.07 361.79
500.00 363.40
501.85 363.40
502.78 361.79
503.70 363.40
505.56 363.40
506.48 361.79
505.56 360.19
507.41 360.19
508.33 358.59
509.26 360.19
511.11 360.19
510.19 361.79
511.11 363.40
512.96 363.40
513.89 361.79
514.81 363.40
516.67 363.40
517.59 361.79
516.67 360.19
518.52 360.19
519.44 358.59
518.52 356.98
516.67 356.98
517.59 355.38
516.67 353.77
518.52 353.77
519.44 352.17
520.37 353.77
522.22 353.77
523.15 352.17
522.22 350.57
524.07 350.57
525.00 348.96
525.93 350.57
527.78 350.57
526.85 352.17
527.78 353.77
529.63 353.77
530.56 352.17
531.48 353.77
533.33 353.77
532.41 355.38
533.33 356.98
531.48 356.98
530.56 358.59
531.48 360.19
533.33 360.19
532.41 361.79
533.33 363.40
535.19 363.40
536.11 361.79
537.04 363.40
538.89 363.40
539.81 361.79
538.89 360.19
540.74 360.19
541.67 358.59
542.59 360.19
544.44 360.19
543.52 361.79
544.44 363.40
546.30 363.40
547.22 361.79
548.15 363.40
550.00 363.40
549.07 365.00
550.00 366.60
548.15 366.60
547.22 368.21
548.15 369.81
550.00 369.81
549.07 371.42
550.00 373.02
548.15 373.02
547.22 374.62
546.30 373.02
544.44 373.02
543.52 374.62
544.44 376.23
542.59 376.23
541.67 377.83
542.59 379.43
544.44 379.43
543.52 381.04
544.44 382.64
546.30 382.64
547.22 381.04
548.15 382.64
550.00 382.64
549.07 384.25
550.00 385.85
548.15 385.85
547.22 387.45
548.15 389.06
550.00 389.06
549.07 390.66
550.00 392.26
548.15 392.26
547.22 393.87
546.30 392.26
544.44 392.26
543.52 393.87
544.44 395.47
542.59 395.47
541.67 397.08
540.74 395.47
538.89 395.47
539.81 393.87
538.89 392.26
537.04 392.26
536.11 393.87
535.19 392.26
533.33 392.26
532.41 393.87
533.33 395.47
531.48 395.47
530.56 397.08
531.48 398.68
533.33 398.68
532.41 400.28
533.33 401.89
531.48 401.89
530.56 403.49
529.63 401.89
527.78 401.89
526.85 403.49
527.78 405.09
525.93 405.09
525.00 406.70
525.93 408.30
527.78 408.30
526.85 409.91
527.78 411.51
529.63 411.51
530.56 409.91
531.48 411.51
533.33 411.51
532.41 413.11
533.33 414.72
531.48 414.72
530.56 416.32
531.48 417.92
533.33 417.92
532.41 419.53
533.33 421.13
535.19 421.13
536.11 419.53
537.04 421.13
538.89 421.13
539.81 419.53
538.89 417.92
540.74 417.92
541.67 416.32
542.59 417.92
544.44 417.92
543.52 419.53
544.44 421.13
546.30 421.13
547.22 419.53
548.15 421.13
550.00 421.13
549.07 422.74
550.00 424.34
548.15 424.34
547.22 425.94
548.15 427.55
550.00 427.55
549.07 429.15
550.00 430.75
548.15 430.75
547.22 432.36
546.30 430.75
544.44 430.75
543.52 432.36
544.44 433.96
542.59 433.96
541.67 435.57
542.59 437.17
544.44 437.17
543.52 438.77
544.44 440.38
546.30 440.38
547.22 438.77
548.15 440.38
550.00 440.38
549.07 441.98
550.00 443.58
548.15 443.58
547.22 445.19
548.15 446.79
550.00 446.79
549.07 448.40
550.00 450.00
548.15 450.00
547.22 451.60
546.30 450.00
544.44 450.00
543.52 451.60
544.44 453.21
542.59 453.21
541.67 454.81
540.74 453.21
538.89 453.21
539.81 451.60
538.89 450.00
537.04 450.00
536.11 451.60
535.19 450.00
533.33 450.00
532.41 451.60
533.33 453.21
531.48 453.21
530.56 454.81
531.48 456.42
533.33 456.42
532.41 458.02
533.33 459.62
531.48 459.62
530.56 461.23
529.63 459.62
527.78 459.62
526.85 461.23
527.78 462.83
525.93 462.83
525.00 464.43
524.07 462.83
522.22 462.83
523.15 461.23
522.22 459.62
520.37 459.62
519.44 461.23
518.52 459.62
516.67 459.62
517.59 458.02
516.67 456.42
518.52 456.42
519.44 454.81
518.52 453.21
516.67 453.21
517.59 451.60
516.67 450.00
514.81 450.00
513.89 451.60
512.96 450.00
511.11 450.00
510.19 451.60
511.11 453.21
509.26 453.21
508.33 454.81
507.41 453.21
505.56 453.21
506.48 451.60
505.56 450.00
503.70 450.00
502.78 451.60
501.85 450.00
500.00 450.00
499.07 451.60
500.00 453.21
498.15 453.21
497.22 454.81
498.15 456.42
500.00 456.42
499.07 458.02
500.00 459.62
498.15 459.62
497.22 461.23
496.30 459.62
494.44 459.62
493.52 461.23
494.44 462.83
492.59 462.83
491.67 464.43
492.59 466.04
494.44 466.04
493.52 467.64
494.44 469.25
496.30 469.25
497.22 467.64
498.15 469.25
500.00 469.25
499.07 470.85
500.00 472.45
498.15 472.45
497.22 474.06
498.15 475.66
500.00 475.66
499.07 477.26
500.00 478.87
498.15 478.87
497.22 480.47
496.30 478.87
494.44 478.87
493.52 480.47
494.44 482.08
492.59 482.08
491.67 483.68
490.74 482.08
488.89 482.08
489.81 480.47
488.89 478.87
487.04 478.87
486.11 480.47
485.19 478.87
483.33 478.87
482.41 480.47
483.33 482.08
481.48 482.08
480.56 483.68
481.48 485.28
483.33 485.28
482.41 486.89
483.33 488.49
481.48 488.49
480.56 490.09
479.63 488.49
477.78 488.49
476.85 490.09
477.78 491.70
475.93 491.70
475.00 493.30
474.07 491.70
472.22 491.70
473.15 490.09
472.22 488.49
470.37 488.49
469.44 490.09
468.52 488.49
466.67 488.49
467.59 486.89
466.67 485.28
468.52 485.28
469.44 483.68
468.52 482.08
466.67 482.08
467.59 480.47
466.67 478.87
464.81 478.87
463.89 480.47
462.96 478.87
461.11 478.87
460.19 480.47
461.11 482.08
459.26 482.08
458.33 483.68
457.41 482.08
455.56 482.08
456.48 480.47
455.56 478.87
453.70 478.87
452.78 480.47
451.85 478.87
450.00 478.87
450.93 477.26
450.00 475.66
451.85 475.66
452.78 474.06
451.85 472.45
450.00 472.45
450.93 470.85
450.00 469.25
451.85 469.25
452.78 467.64
453.70 469.25
455.56 469.25
456.48 467.64
455.56 466.04
457.41 466.04
458.33 464.43
457.41 462.83
455.56 462.83
456.48 461.23
455.56 459.62
453.70 459.62
452.78 461.23
451.85 459.62
450.00 459.62
450.93 458.02
450.00 456.42
451.85 456.42
452.78 454.81
451.85 453.21
450.00 453.21
450.93 451.60
450.00 450.00
448.15 450.00
447.22 451.60
446.30 450.00
444.44 450.00
443.52 451.60
444.44 453.21
442.59 453.21
441.67 454.81
440.74 453.21
438.89 453.21
439.81 451.60
438.89 450.00
437.04 450.00
436.11 451.60
435.19 450.00
433.33 450.00
432.41 451.60
433.33 453.21
431.48 453.21
430.56 454.81
431.48 456.42
433.33 456.42
432.41 458.02
433.33 459.62
431.48 459.62
430.56 461.23
429.63 459.62
427.78 459.62
426.85 461.23
427.78 462.83
425.93 462.83
425.00 464.43
424.07 462.83
422.22 462.83
423.15 461.23
422.22 459.62
420.37 459.62
419.44 461.23
418.52 459.62
416.67 459.62
417.59 458.02
416.67 456.42
418.52 456.42
419.44 454.81
418.52 453.21
416.67 453.21
417.59 451.60
416.67 450.00
414.81 450.00
413.89 451.60
412.96 450.00
411.11 450.00
410.19 451.60
411.11 453.21
409.26 453.21
408.33 454.81
407.41 453.21
405.56 453.21
406.48 451.60
405.56 450.00
403.70 450.00
402.78 451.60
401.85 450.00
400.00 450.00
399.07 451.60
400.00 453.21
398.15 453.21
397.22 454.81
398.15 456.42
400.00 456.42
399.07 458.02
400.00 459.62
398.15 459.62
397.22 461.23
396.30 459.62
394.44 459.62
393.52 461.23
394.44 462.83
392.59 462.83
391.67 464.43
392.59 466.04
394.44 466.04
393.52 467.64
394.44 469.25
396.30 469.25
397.22 467.64
398.15 469.25
400.00 469.25
399.07 470.85
400.00 472.45
398.15 472.45
397.22 474.06
398.15 475.66
400.00 475.66
399.07 477.26
400.00 478.87
398.15 478.87
397.22 480.47
396.30 478.87
394.44 478.87
393.52 480.47
394.44 482.08
392.59 482.08
391.67 483.68
390.74 482.08
388.89 482.08
389.81 480.47
388.89 478.87
387.04 478.87
386.11 480.47
385.19 478.87
383.33 478.87
382.41 480.47
383.33 482.08
381.48 482.08
380.56 483.68
381.48 485.28
383.33 485.28
382.41 486.89
383.33 488.49
381.48 488.49
380.56 490.09
379.63 488.49
377.78 488.49
376.85 490.09
377.78 491.70
375.93 491.70
375.00 493.30
375.93 494.91
377.78 494.91
376.85 496.51
377.78 498.11
379.63 498.11
380.56 496.51
381.48 498.11
383.33 498.11
382.41 499.72
383.33 501.32
381.48 501.32
380.56 502.92
381.48 504.53
383.33 504.53
382.41 506.13
383.33 507.74
385.19 507.74
386.11 506.13
387.04 507.74
388.89 507.74
389.81 506.13
388.89 504.53
390.74 504.53
391.67 502.92
392.59 504.53
394.44 504.53
393.52 506.13
394.44 507.74
396.30 507.74
397.22 506.13
398.15 507.74
400.00 507.74
399.07 509.34
400.00 510.94
398.15 510.94
397.22 512.55
398.15 514.15
400.00 514.15
399.07 515.75
400.00 517.36
398.15 517.36
397.22 518.96
396.30 517.36
394.44 517.36
393.52 518.96
394.44 520.57
392.59 520.57
391.67 522.17
392.59 523.77
394.44 523.77
393.52 525.38
394.44 526.98
396.30 526.98
397.22 525.38
398.15 526.98
400.00 526.98
399.07 528.58
400.00 530.19
398.15 530.19
397.22 531.79
398.15 533.40
400.00 533.40
399.07 535.00
400.00 536.60
398.15 536.60
397.22 538.21
396.30 536.60
394.44 536.60
393.52 538.21
394.44 539.81
392.59 539.81
391.67 541.41
390.74 539.81
388.89 539.81
389.81 538.21
388.89 536.60
387.04 536.60
386.11 538.21
385.19 536.60
383.33 536.60
382.41 538.21
383.33 539.81
381.48 539.81
380.56 541.41
381.48 543.02
383.33 543.02
382.41 544.62
383.33 546.23
381.48 546.23
380.56 547.83
379.63 546.23
377.78 546.23
376.85 547.83
377.78 549.43
375.93 549.43
375.00 551.04
374.07 549.43
372.22 549.43
373.15 547.83
372.22 546.23
370.37 546.23
369.44 547.83
368.52 546.23
366.67 546.23
367.59 544.62
366.67 543.02
368.52 543.02
369.44 541.41
368.52 539.81
366.67 539.81
367.59 538.21
366.67 536.60
364.81 536.60
363.89 538.21
362.96 536.60
361.11 536.60
360.19 538.21
361.11 539.81
359.26 539.81
358.33 541.41
357.41 539.81
355.56 539.81
356.48 538.21
355.56 536.60
353.70 536.60
352.78 538.21
351.85 536.60
350.00 536.60
349.07 538.21
350.00 539.81
348.15 539.81
347.22 541.41
348.15 543.02
350.00 543.02
349.07 544.62
350.00 546.23
348.15 546.23
347.22 547.83
346.30 546.23
344.44 546.23
343.52 547.83
344.44 549.43
342.59 549.43
341.67 551.04
342.59 552.64
344.44 552.64
343.52 554.24
344.44 555.85
346.30 555.85
347.22 554.24
348.15 555.85
350.00 555.85
349.07 557.45
350.00 559.06
348.15 559.06
347.22 560.66
348.15 562.26
350.00 562.26
349.07 563.87
350.00 565.47
348.15 565.47
347.22 567.07
346.30 565.47
344.44 565.47
343.52 567.07
344.44 568.68
342.59 568.68
341.67 570.28
340.74 568.68
338.89 568.68
339.81 567.07
338.89 565.47
337.04 565.47
336.11 567.07
335.19 565.47
333.33 565.47
332.41 567.07
333.33 568.68
331.48 568.68
330.56 570.28
331.48 571.89
333.33 571.89
332.41 573.49
333.33 575.09
331.48 575.09
330.56 576.70
329.63 575.09
327.78 575.09
326.85 576.70
327.78 578.30
325.93 578.30
325.00 579.90
324.07 578.30
322.22 578.30
323.15 576.70
322.22 575.09
320.37 575.09
319.44 576.70
318.52 575.09
316.67 575.09
317.59 573.49
316.67 571.89
318.52 571.89
319.44 570.28
318.52 568.68
316.67 568.68
317.59 567.07
316.67 565.47
314.81 565.47
313.89 567.07
312.96 565.47
311.11 565.47
310.19 567.07
311.11 568.68
309.26 568.68
308.33 570.28
307.41 568.68
305.56 568.68
306.48 567.07
305.56 565.47
303.70 565.47
302.78 567.07
301.85 565.47
300.00 565.47
300.93 563.87
300.00 562.26
301.85 562.26
302.78 560.66
301.85 559.06
300.00 559.06
300.93 557.45
300.00 555.85
301.85 555.85
302.78 554.24
303.70 555.85
305.56 555.85
306.48 554.24
305.56 552.64
307.41 552.64
308.33 551.04
307.41 549.43
305.56 549.43
306.48 547.83
305.56 546.23
303.70 546.23
302.78 547.83
301.85 546.23
300.00 546.23
300.93 544.62
300.00 543.02
301.85 543.02
302.78 541.41
301.85 539.81
300.00 539.81
300.93 538.21
300.00 536.60
298.15 536.60
297.22 538.21
296.30 536.60
294.44 536.60
293.52 538.21
294.44 539.81
292.59 539.81
291.67 541.41
290.74 539.81
288.89 539.81
289.81 538.21
288.89 536.60
287.04 536.60
286.11 538.21
285.19 536.60
283.33 536.60
282.41 538.21
283.33 539.81
281.48 539.81
280.56 541.41
281.48 543.02
283.33 543.02
282.41 544.62
283.33 546.23
281.48 546.23
280.56 547.83
279.63 546.23
277.78 546.23
276.85 547.83
277.78 549.43
275.93 549.43
275.00 551.04
274.07 549.43
272.22 549.43
273.15 547.83
272.22 546.23
270.37 546.23
269.44 547.83
268.52 546.23
266.67 546.23
267.59 544.62
266.67 543.02
268.52 543.02
269.44 541.41
268.52 539.81
266.67 539.81
267.59 538.21
266.67 536.60
264.81 536.60
263.89 538.21
262.96 536.60
261.11 536.60
260.19 538.21
261.11 539.81
259.26 539.81
258.33 541.41
257.41 539.81
255.56 539.81
256.48 538.21
255.56 536.60
253.70 536.60
252.78 538.21
251.85 536.60
250.00 536.60
250.93 535.00
250.00 533.40
251.85 533.40
252.78 531.79
251.85 530.19
250.00 530.19
250.93 528.58
250.00 526.98
251.85 526.98
252.78 525.38
253.70 526.98
255.56 526.98
256.48 525.38
255.56 523.77
257.41 523.77
258.33 522.17
257.41 520.57
255.56 520.57
256.48 518.96
255.56 517.36
253.70 517.36
252.78 518.96
251.85 517.36
250.00 517.36
250.93 515.75
250.00 514.15
251.85 514.15
252.78 512.55
251.85 510.94
250.00 510.94
250.93 509.34
250.00 507.74
251.85 507.74
252.78 506.13
253.70 507.74
255.56 507.74
256.48 506.13
255.56 504.53
257.41 504.53
258.33 502.92
259.26 504.53
261.11 504.53
260.19 506.13
261.11 507.74
262.96 507.74
263.89 506.13
264.81 507.74
266.67 507.74
267.59 506.13
266.67 504.53
268.52 504.53
269.44 502.92
268.52 501.32
266.67 501.32
267.59 499.72
266.67 498.11
268.52 498.11
269.44 496.51
270.37 498.11
272.22 498.11
273.15 496.51
272.22 494.91
274.07 494.91
275.00 493.30
274.07 491.70
272.22 491.70
273.15 490.09
272.22 488.49
270.37 488.49
269.44 490.09
268.52 488.49
266.67 488.49
267.59 486.89
266.67 485.28
268.52 485.28
269.44 483.68
268.52 482.08
266.67 482.08
267.59 480.47
266.67 478.87
264.81 478.87
263.89 480.47
262.96 478.87
261.11 478.87
260.19 480.47
261.11 482.08
259.26 482.08
258.33 483.68
257.41 482.08
255.56 482.08
256.48 480.47
255.56 478.87
253.70 478.87
252.78 480.47
251.85 478.87
250.00 478.87
250.93 477.26
250.00 475.66
251.85 475.66
252.78 474.06
251.85 472.45
250.00 472.45
250.93 470.85
250.00 469.25
251.85 469.25
252.78 467.64
253.70 469.25
255.56 469.25
256.48 467.64
255.56 466.04
257.41 466.04
258.33 464.43
257.41 462.83
255.56 462.83
256.48 461.23
255.56 459.62
253.70 459.62
252.78 461.23
251.85 459.62
250.00 459.62
250.93 458.02
250.00 456.42
251.85 456.42
252.78 454.81
251.85 453.21
250.00 453.21
250.93 451.60
250.00 450.00
248.15 450.00
247.22 451.60
246.30 450.00
244.44 450.00
243.52 451.60
244.44 453.21
242.59 453.21
241.67 454.81
240.74 453.21
238.89 453.21
239.81 451.60
238.89 450.00
237.04 450.00
236.11 451.60
235.19 450.00
233.33 450.00
232.41 451.60
233.33 453.21
231.48 453.21
230.56 454.81
231.48 456.42
233.33 456.42
232.41 458.02
233.33 459.62
231.48 459.62
230.56 461.23
229.63 459.62
227.78 459.62
226.85 461.23
227.78 462.83
225.93 462.83
225.00 464.43
224.07 462.83
222.22 462.83
223.15 461.23
222.22 459.62
220.37 459.62
219.44 461.23
218.52 459.62
216.67 459.62
217.59 458.02
216.67 456.42
218.52 456.42
219.44 454.81
218.52 453.21
216.67 453.21
217.59 451.60
216.67 450.00
214.81 450.00
213.89 451.60
212.96 450.00
211.11 450.00
210.19 451.60
211.11 453.21
209.26 453.21
208.33 454.81
207.41 453.21
205.56 453.21
206.48 451.60
205.56 450.00
203.70 450.00
202.78 451.60
201.85 450.00
200.00 450.00
199.07 451.60
200.00 453.21
198.15 453.21
197.22 454.81
198.15 456.42
200.00 456.42
199.07 458.02
200.00 459.62
198.15 459.62
197.22 461.23
196.30 459.62
194.44 459.62
193.52 461.23
194.44 462.83
192.59 462.83
191.67 464.43
192.59 466.04
194.44 466.04
193.52 467.64
194.44 469.25
196.30 469.25
197.22 467.64
198.15 469.25
200.00 469.25
199.07 470.85
200.00 472.45
198.15 472.45
197.22 474.06
198.15 475.66
200.00 475.66
199.07 477.26
200.00 478.87
198.15 478.87
197.22 480.47
196.30 478.87
194.44 478.87
193.52 480.47
194.44 482.08
192.59 482.08
191.67 483.68
190.74 482.08
188.89 482.08
189.81 480.47
188.89 478.87
187.04 478.87
186.11 480.47
185.19 478.87
183.33 478.87
182.41 480.47
183.33 482.08
181.48 482.08
180.56 483.68
181.48 485.28
183.33 485.28
182.41 486.89
183.33 488.49
181.48 488.49
180.56 490.09
179.63 488.49
177.78 488.49
176.85 490.09
177.78 491.70
175.93 491.70
175.00 493.30
174.07 491.70
172.22 491.70
173.15 490.09
172.22 488.49
170.37 488.49
169.44 490.09
168.52 488.49
166.67 488.49
167.59 486.89
166.67 485.28
168.52 485.28
169.44 483.68
168.52 482.08
166.67 482.08
167.59 480.47
166.67 478.87
164.81 478.87
163.89 480.47
162.96 478.87
161.11 478.87
160.19 480.47
161.11 482.08
159.26 482.08
158.33 483.68
157.41 482.08
155.56 482.08
156.48 480.47
155.56 478.87
153.70 478.87
152.78 480.47
151.85 478.87
150.00 478.87
150.93 477.26
150.00 475.66
151.85 475.66
152.78 474.06
151.85 472.45
150.00 472.45
150.93 470.85
150.00 469.25
151.85 469.25
152.78 467.64
153.70 469.25
155.56 469.25
156.48 467.64
155.56 466.04
157.41 466.04
158.33 464.43
157.41 462.83
155.56 462.83
156.48 461.23
155.56 459.62
153.70 459.62
152.78 461.23
151.85 459.62
150.00 459.62
150.93 458.02
150.00 456.42
151.85 456.42
152.78 454.81
151.85 453.21
150.00 453.21
150.93 451.60
150.00 450.00
148.15 450.00
147.22 451.60
146.30 450.00
144.44 450.00
143.52 451.60
144.44 453.21
142.59 453.21
141.67 454.81
140.74 453.21
138.89 453.21
139.81 451.60
138.89 450.00
137.04 450.00
136.11 451.60
135.19 450.00
133.33 450.00
132.41 451.60
133.33 453.21
131.48 453.21
130.56 454.81
131.48 456.42
133.33 456.42
132.41 458.02
133.33 459.62
131.48 459.62
130.56 461.23
129.63 459.62
127.78 459.62
126.85 461.23
127.78 462.83
125.93 462.83
125.00 464.43
124.07 462.83
122.22 462.83
123.15 461.23
122.22 459.62
120.37 459.62
119.44 461.23
118.52 459.62
116.67 459.62
117.59 458.02
116.67 456.42
118.52 456.42
119.44 454.81
118.52 453.21
116.67 453.21
117.59 451.60
116.67 450.00
114.81 450.00
113.89 451.60
112.96 450.00
111.11 450.00
110.19 451.60
111.11 453.21
109.26 453.21
108.33 454.81
107.41 453.21
105.56 453.21
106.48 451.60
105.56 450.00
103.70 450.00
102.78 451.60
101.85 450.00
