100.00 500.00
109.26 483.96
100.00 467.92
118.52 467.92
127.78 451.89
118.52 435.85
100.00 435.85
109.26 419.81
100.00 403.77
118.52 403.77
127.78 387.74
137.04 403.77
155.56 403.77
164.81 387.74
155.56 371.70
174.07 371.70
183.33 355.66
174.07 339.62
155.56 339.62
164.81 323.59
155.56 307.55
137.04 307.55
127.78 323.59
118.52 307.55
100.00 307.55
109.26 291.51
100.00 275.47
118.52 275.47
127.78 259.44
118.52 243.40
100.00 243.40
109.26 227.36
100.00 211.32
118.52 211.32
127.78 195.29
137.04 211.32
155.56 211.32
164.81 195.29
155.56 179.25
174.07 179.25
183.33 163.21
192.59 179.25
211.11 179.25
201.85 195.29
211.11 211.32
229.63 211.32
238.89 195.29
248.15 211.32
266.67 211.32
275.93 195.29
266.67 179.25
285.19 179.25
294.44 163.21
285.19 147.17
266.67 147.17
275.93 131.14
266.67 115.10
285.19 115.10
294.44 99.06
303.70 115.10
322.22 115.10
331.48 99.06
322.22 83.02
340.74 83.02
350.00 66.99
359.26 83.02
377.78 83.02
368.52 99.06
377.78 115.10
396.30 115.10
405.56 99.06
414.81 115.10
433.33 115.10
424.07 131.14
433.33 147.17
414.81 147.17
405.56 163.21
414.81 179.25
433.33 179.25
424.07 195.29
433.33 211.32
451.85 211.32
461.11 195.29
470.37 211.32
488.89 211.32
498.15 195.29
488.89 179.25
507.41 179.25
516.67 163.21
525.93 179.25
544.44 179.25
535.19 195.29
544.44 211.32
562.96 211.32
572.22 195.29
581.48 211.32
600.00 211.32
590.74 227.36
600.00 243.40
581.48 243.40
572.22 259.44
581.48 275.47
600.00 275.47
590.74 291.51
600.00 307.55
581.48 307.55
572.22 323.59
562.96 307.55
544.44 307.55
535.19 323.59
544.44 339.62
525.93 339.62
516.67 355.66
525.93 371.70
544.44 371.70
535.19 387.74
544.44 403.77
562.96 403.77
572.22 387.74
581.48 403.77
600.00 403.77
590.74 419.81
600.00 435.85
581.48 435.85
572.22 451.89
581.48 467.92
600.00 467.92
590.74 483.96
600.00 500.00
581.48 500.00
572.22 516.04
562.96 500.00
544.44 500.00
535.19 516.04
544.44 532.08
525.93 532.08
516.67 548.11
507.41 532.08
488.89 532.08
498.15 516.04
488.89 500.00
470.37 500.00
461.11 516.04
451.85 500.00
433.33 500.00
424.07 516.04
433.33 532.08
414.81 532.08
405.56 548.11
414.81 564.15
433.33 564.15
424.07 580.19
433.33 596.23
414.81 596.23
405.56 612.26
396.30 596.23
377.78 596.23
368.52 612.26
377.78 628.30
359.26 628.30
350.00 644.34
340.74 628.30
322.22 628.30
331.48 612.26
322.22 596.23
303.70 596.23
294.44 612.26
285.19 596.23
266.67 596.23
275.93 580.19
266.67 564.15
285.19 564.15
294.44 548.11
285.19 532.08
266.67 532.08
275.93 516.04
266.67 500.00
248.15 500.00
238.89 516.04
229.63 500.00
211.11 500.00
201.85 516.04
211.11 532.08
192.59 532.08
183.33 548.11
174.07 532.08
155.56 532.08
164.81 516.04
155.56 500.00
137.04 500.00
127.78 516.04
118.52 500.00
