100.00 100.00
100.62 98.93
100.00 97.86
101.23 97.86
101.85 96.79
101.23 95.72
100.00 95.72
100.62 94.65
100.00 93.58
101.23 93.58
101.85 92.52
102.47 93.58
103.70 93.58
104.32 92.52
103.70 91.45
104.94 91.45
105.56 90.38
104.94 89.31
103.70 89.31
104.32 88.24
103.70 87.17
102.47 87.17
101.85 88.24
101.23 87.17
100.00 87.17
100.62 86.10
100.00 85.03
101.23 85.03
101.85 83.96
101.23 82.89
100.00 82.89
100.62 81.82
100.00 80.75
101.23 80.75
101.85 79.69
102.47 80.75
103.70 80.75
104.32 79.69
103.70 78.62
104.94 78.62
105.56 77.55
106.17 78.62
107.41 78.62
106.79 79.69
107.41 80.75
108.64 80.75
109.26 79.69
109.88 80.75
111.11 80.75
111.73 79.69
111.11 78.62
112.35 78.62
112.96 77.55
112.35 76.48
111.11 76.48
111.73 75.41
111.11 74.34
112.35 74.34
112.96 73.27
113.58 74.34
114.81 74.34
115.43 73.27
114.81 72.20
116.05 72.20
116.67 71.13
116.05 70.06
114.81 70.06
115.43 68.99
114.81 67.92
113.58 67.92
112.96 68.99
112.35 67.92
111.11 67.92
111.73 66.86
111.11 65.79
112.35 65.79
112.96 64.72
112.35 63.65
111.11 63.65
111.73 62.58
111.11 61.51
109.88 61.51
109.26 62.58
108.64 61.51
107.41 61.51
106.79 62.58
107.41 63.65
106.17 63.65
105.56 64.72
104.94 63.65
103.70 63.65
104.32 62.58
103.70 61.51
102.47 61.51
101.85 62.58
101.23 61.51
100.00 61.51
100.62 60.44
100.00 59.37
101.23 59.37
101.85 58.30
101.23 57.23
100.00 57.23
100.62 56.16
100.00 55.09
101.23 55.09
101.85 54.03
102.47 55.09
103.70 55.09
104.32 54.03
103.70 52.96
104.94 52.96
105.56 51.89
104.94 50.82
103.70 50.82
104.32 49.75
103.70 48.68
102.47 48.68
101.85 49.75
101.23 48.68
100.00 48.68
100.62 47.61
100.00 46.54
101.23 46.54
101.85 45.47
101.23 44.40
100.00 44.40
100.62 43.33
100.00 42.26
101.23 42.26
101.85 41.20
102.47 42.26
103.70 42.26
104.32 41.20
103.70 40.13
104.94 40.13
105.56 39.06
106.17 40.13
107.41 40.13
106.79 41.20
107.41 42.26
108.64 42.26
109.26 41.20
109.88 42.26
111.11 42.26
111.73 41.20
111.11 40.13
112.35 40.13
112.96 39.06
112.35 37.99
111.11 37.99
111.73 36.92
111.11 35.85
112.35 35.85
112.96 34.78
113.58 35.85
114.81 35.85
115.43 34.78
114.81 33.71
116.05 33.71
116.67 32.64
117.28 33.71
118.52 33.71
117.90 34.78
118.52 35.85
119.75 35.85
120.37 34.78
120.99 35.85
122.22 35.85
121.60 36.92
122.22 37.99
120.99 37.99
120.37 39.06
120.99 40.13
122.22 40.13
121.60 41.20
122.22 42.26
123.46 42.26
124.07 41.20
124.69 42.26
125.93 42.26
126.54 41.20
125.93 40.13
127.16 40.13
127.78 39.06
128.40 40.13
129.63 40.13
129.01 41.20
129.63 42.26
130.86 42.26
131.48 41.20
132.10 42.26
133.33 42.26
133.95 41.20
133.33 40.13
134.57 40.13
135.19 39.06
134.57 37.99
133.33 37.99
133.95 36.92
133.33 35.85
134.57 35.85
135.19 34.78
135.80 35.85
137.04 35.85
137.65 34.78
137.04 33.71
138.27 33.71
138.89 32.64
138.27 31.57
137.04 31.57
137.65 30.50
137.04 29.43
135.80 29.43
135.19 30.50
134.57 29.43
133.33 29.43
133.95 28.37
133.33 27.30
134.57 27.30
135.19 26.23
134.57 25.16
133.33 25.16
133.95 24.09
133.33 23.02
134.57 23.02
135.19 21.95
135.80 23.02
137.04 23.02
137.65 21.95
137.04 20.88
138.27 20.88
138.89 19.81
139.51 20.88
140.74 20.88
140.12 21.95
140.74 23.02
141.98 23.02
142.59 21.95
143.21 23.02
144.44 23.02
145.06 21.95
144.44 20.88
145.68 20.88
146.30 19.81
145.68 18.74
144.44 18.74
145.06 17.67
144.44 16.60
145.68 16.60
146.30 15.54
146.91 16.60
148.15 16.60
148.77 15.54
148.15 14.47
149.38 14.47
150.00 13.40
150.62 14.47
151.85 14.47
151.23 15.54
151.85 16.60
153.09 16.60
153.70 15.54
154.32 16.60
155.56 16.60
154.94 17.67
155.56 18.74
154.32 18.74
153.70 19.81
154.32 20.88
155.56 20.88
154.94 21.95
155.56 23.02
156.79 23.02
157.41 21.95
158.02 23.02
159.26 23.02
159.88 21.95
159.26 20.88
160.49 20.88
161.11 19.81
161.73 20.88
162.96 20.88
162.35 21.95
162.96 23.02
164.20 23.02
164.81 21.95
165.43 23.02
166.67 23.02
166.05 24.09
166.67 25.16
165.43 25.16
164.81 26.23
165.43 27.30
166.67 27.30
166.05 28.37
166.67 29.43
165.43 29.43
164.81 30.50
164.20 29.43
162.96 29.43
162.35 30.50
162.96 31.57
161.73 31.57
161.11 32.64
161.73 33.71
162.96 33.71
162.35 34.78
162.96 35.85
164.20 35.85
164.81 34.78
165.43 35.85
166.67 35.85
166.05 36.92
166.67 37.99
165.43 37.99
164.81 39.06
165.43 40.13
166.67 40.13
166.05 41.20
166.67 42.26
167.90 42.26
168.52 41.20
169.14 42.26
170.37 42.26
170.99 41.20
170.37 40.13
171.60 40.13
172.22 39.06
172.84 40.13
174.07 40.13
173.46 41.20
174.07 42.26
175.31 42.26
175.93 41.20
176.54 42.26
177.78 42.26
178.40 41.20
177.78 40.13
179.01 40.13
179.63 39.06
179.01 37.99
177.78 37.99
178.40 36.92
177.78 35.85
179.01 35.85
179.63 34.78
180.25 35.85
181.48 35.85
182.10 34.78
181.48 33.71
182.72 33.71
183.33 32.64
183.95 33.71
185.19 33.71
184.57 34.78
185.19 35.85
186.42 35.85
187.04 34.78
187.65 35.85
188.89 35.85
188.27 36.92
188.89 37.99
187.65 37.99
187.04 39.06
187.65 40.13
188.89 40.13
188.27 41.20
188.89 42.26
190.12 42.26
190.74 41.20
191.36 42.26
192.59 42.26
193.21 41.20
192.59 40.13
193.83 40.13
194.44 39.06
195.06 40.13
196.30 40.13
195.68 41.20
196.30 42.26
197.53 42.26
198.15 41.20
198.77 42.26
200.00 42.26
199.38 43.33
200.00 44.40
198.77 44.40
198.15 45.47
198.77 46.54
200.00 46.54
199.38 47.61
200.00 48.68
198.77 48.68
198.15 49.75
197.53 48.68
196.30 48.68
195.68 49.75
196.30 50.82
195.06 50.82
194.44 51.89
195.06 52.96
196.30 52.96
195.68 54.03
196.30 55.09
197.53 55.09
198.15 54.03
198.77 55.09
200.00 55.09
199.38 56.16
200.00 57.23
198.77 57.23
198.15 58.30
198.77 59.37
200.00 59.37
199.38 60.44
200.00 61.51
198.77 61.51
198.15 62.58
197.53 61.51
196.30 61.51
195.68 62.58
196.30 63.65
195.06 63.65
194.44 64.72
193.83 63.65
192.59 63.65
193.21 62.58
192.59 61.51
191.36 61.51
190.74 62.58
190.12 61.51
188.89 61.51
188.27 62.58
188.89 63.65
187.65 63.65
187.04 64.72
187.65 65.79
188.89 65.79
188.27 66.86
188.89 67.92
187.65 67.92
187.04 68.99
186.42 67.92
185.19 67.92
184.57 68.99
185.19 70.06
183.95 70.06
183.33 71.13
183.95 72.20
185.19 72.20
184.57 73.27
185.19 74.34
186.42 74.34
187.04 73.27
187.65 74.34
188.89 74.34
188.27 75.41
188.89 76.48
187.65 76.48
187.04 77.55
187.65 78.62
188.89 78.62
188.27 79.69
188.89 80.75
190.12 80.75
190.74 79.69
191.36 80.75
192.59 80.75
193.21 79.69
192.59 78.62
193.83 78.62
194.44 77.55
195.06 78.62
196.30 78.62
195.68 79.69
196.30 80.75
197.53 80.75
198.15 79.69
198.77 80.75
200.00 80.75
199.38 81.82
200.00 82.89
198.77 82.89
198.15 83.96
198.77 85.03
200.00 85.03
199.38 86.10
200.00 87.17
198.77 87.17
198.15 88.24
197.53 87.17
196.30 87.17
195.68 88.24
196.30 89.31
195.06 89.31
194.44 90.38
195.06 91.45
196.30 91.45
195.68 92.52
196.30 93.58
197.53 93.58
198.15 92.52
198.77 93.58
200.00 93.58
199.38 94.65
200.00 95.72
198.77 95.72
198.15 96.79
198.77 97.86
200.00 97.86
199.38 98.93
200.00 100.00
198.77 100.00
198.15 101.07
197.53 100.00
196.30 100.00
195.68 101.07
196.30 102.14
195.06 102.14
194.44 103.21
193.83 102.14
192.59 102.14
193.21 101.07
192.59 100.00
191.36 100.00
190.74 101.07
190.12 100.00
188.89 100.00
188.27 101.07
188.89 102.14
187.65 102.14
187.04 103.21
187.65 104.28
188.89 104.28
188.27 105.35
188.89 106.42
187.65 106.42
187.04 107.48
186.42 106.42
185.19 106.42
184.57 107.48
185.19 108.55
183.95 108.55
183.33 109.62
182.72 108.55
181.48 108.55
182.10 107.48
181.48 106.42
180.25 106.42
179.63 107.48
179.01 106.42
177.78 106.42
178.40 105.35
177.78 104.28
179.01 104.28
179.63 103.21
179.01 102.14
177.78 102.14
178.40 101.07
177.78 100.00
176.54 100.00
175.93 101.07
175.31 100.00
174.07 100.00
173.46 101.07
174.07 102.14
172.84 102.14
172.22 103.21
171.60 102.14
170.37 102.14
170.99 101.07
170.37 100.00
169.14 100.00
168.52 101.07
167.90 100.00
166.67 100.00
166.05 101.07
166.67 102.14
165.43 102.14
164.81 103.21
165.43 104.28
166.67 104.28
166.05 105.35
166.67 106.42
165.43 106.42
164.81 107.48
164.20 106.42
162.96 106.42
162.35 107.48
162.96 108.55
161.73 108.55
161.11 109.62
161.73 110.69
162.96 110.69
162.35 111.76
162.96 112.83
164.20 112.83
164.81 111.76
165.43 112.83
166.67 112.83
166.05 113.90
166.67 114.97
165.43 114.97
164.81 116.04
165.43 117.11
166.67 117.11
166.05 118.18
166.67 119.25
165.43 119.25
164.81 120.31
164.20 119.25
162.96 119.25
162.35 120.31
162.96 121.38
161.73 121.38
161.11 122.45
160.49 121.38
159.26 121.38
159.88 120.31
159.26 119.25
158.02 119.25
157.41 120.31
156.79 119.25
155.56 119.25
154.94 120.31
155.56 121.38
154.32 121.38
153.70 122.45
154.32 123.52
155.56 123.52
154.94 124.59
155.56 125.66
154.32 125.66
153.70 126.73
153.09 125.66
151.85 125.66
151.23 126.73
151.85 127.80
150.62 127.80
150.00 128.87
149.38 127.80
148.15 127.80
148.77 126.73
148.15 125.66
146.91 125.66
146.30 126.73
145.68 125.66
144.44 125.66
145.06 124.59
144.44 123.52
145.68 123.52
146.30 122.45
145.68 121.38
144.44 121.38
145.06 120.31
144.44 119.25
143.21 119.25
142.59 120.31
141.98 119.25
140.74 119.25
140.12 120.31
140.74 121.38
139.51 121.38
138.89 122.45
138.27 121.38
137.04 121.38
137.65 120.31
137.04 119.25
135.80 119.25
135.19 120.31
134.57 119.25
133.33 119.25
133.95 118.18
133.33 117.11
134.57 117.11
135.19 116.04
134.57 114.97
133.33 114.97
133.95 113.90
133.33 112.83
134.57 112.83
135.19 111.76
135.80 112.83
137.04 112.83
137.65 111.76
137.04 110.69
138.27 110.69
138.89 109.62
138.27 108.55
137.04 108.55
137.65 107.48
137.04 106.42
135.80 106.42
135.19 107.48
134.57 106.42
133.33 106.42
133.95 105.35
133.33 104.28
134.57 104.28
135.19 103.21
134.57 102.14
133.33 102.14
133.95 101.07
133.33 100.00
132.10 100.00
131.48 101.07
130.86 100.00
129.63 100.00
129.01 101.07
129.63 102.14
128.40 102.14
127.78 103.21
127.16 102.14
125.93 102.14
126.54 101.07
125.93 100.00
124.69 100.00
124.07 101.07
123.46 100.00
122.22 100.00
121.60 101.07
122.22 102.14
120.99 102.14
120.37 103.21
120.99 104.28
122.22 104.28
121.60 105.35
122.22 106.42
120.99 106.42
120.37 107.48
119.75 106.42
118.52 106.42
117.90 107.48
118.52 108.55
117.28 108.55
116.67 109.62
116.05 108.55
114.81 108.55
115.43 107.48
114.81 106.42
113.58 106.42
112.96 107.48
112.35 106.42
111.11 106.42
111.73 105.35
111.11 104.28
112.35 104.28
112.96 103.21
112.35 102.14
111.11 102.14
111.73 101.07
111.11 100.00
109.88 100.00
109.26 101.07
108.64 100.00
107.41 100.00
106.79 101.07
107.41 102.14
106.17 102.14
105.56 103.21
104.94 102.14
103.70 102.14
104.32 101.07
103.70 100.00
102.47 100.00
101.85 101.07
101.23 100.00
