250.00 350.00
251.85 346.79
250.00 343.58
253.70 343.58
255.56 340.38
253.70 337.17
250.00 337.17
251.85 333.96
250.00 330.75
253.70 330.75
255.56 327.55
257.41 330.75
261.11 330.75
262.96 327.55
261.11 324.34
264.81 324.34
266.67 321.13
264.81 317.92
261.11 317.92
262.96 314.72
261.11 311.51
257.41 311.51
255.56 314.72
253.70 311.51
250.00 311.51
251.85 308.30
250.00 305.09
253.70 305.09
255.56 301.89
253.70 298.68
250.00 298.68
251.85 295.47
250.00 292.26
253.70 292.26
255.56 289.06
257.41 292.26
261.11 292.26
262.96 289.06
261.11 285.85
264.81 285.85
266.67 282.64
268.52 285.85
272.22 285.85
270.37 289.06
272.22 292.26
275.93 292.26
277.78 289.06
279.63 292.26
283.33 292.26
285.19 289.06
283.33 285.85
287.04 285.85
288.89 282.64
287.04 279.43
283.33 279.43
285.19 276.23
283.33 273.02
287.04 273.02
288.89 269.81
290.74 273.02
294.44 273.02
296.30 269.81
294.44 266.60
298.15 266.60
300.00 263.40
301.85 266.60
305.56 266.60
303.70 269.81
305.56 273.02
309.26 273.02
311.11 269.81
312.96 273.02
316.67 273.02
314.81 276.23
316.67 279.43
312.96 279.43
311.11 282.64
312.96 285.85
316.67 285.85
314.81 289.06
316.67 292.26
320.37 292.26
322.22 289.06
324.07 292.26
327.78 292.26
329.63 289.06
327.78 285.85
331.48 285.85
333.33 282.64
335.19 285.85
338.89 285.85
337.04 289.06
338.89 292.26
342.59 292.26
344.44 289.06
346.30 292.26
350.00 292.26
348.15 295.47
350.00 298.68
346.30 298.68
344.44 301.89
346.30 305.09
350.00 305.09
348.15 308.30
350.00 311.51
346.30 311.51
344.44 314.72
342.59 311.51
338.89 311.51
337.04 314.72
338.89 317.92
335.19 317.92
333.33 321.13
335.19 324.34
338.89 324.34
337.04 327.55
338.89 330.75
342.59 330.75
344.44 327.55
346.30 330.75
350.00 330.75
348.15 333.96
350.00 337.17
346.30 337.17
344.44 340.38
346.30 343.58
350.00 343.58
348.15 346.79
350.00 350.00
346.30 350.00
344.44 353.21
342.59 350.00
338.89 350.00
337.04 353.21
338.89 356.42
335.19 356.42
333.33 359.62
331.48 356.42
327.78 356.42
329.63 353.21
327.78 350.00
324.07 350.00
322.22 353.21
320.37 350.00
316.67 350.00
314.81 353.21
316.67 356.42
312.96 356.42
311.11 359.62
312.96 362.83
316.67 362.83
314.81 366.04
316.67 369.25
312.96 369.25
311.11 372.45
309.26 369.25
305.56 369.25
303.70 372.45
305.56 375.66
301.85 375.66
300.00 378.87
298.15 375.66
294.44 375.66
296.30 372.45
294.44 369.25
290.74 369.25
288.89 372.45
287.04 369.25
283.33 369.25
285.19 366.04
283.33 362.83
287.04 362.83
288.89 359.62
287.04 356.42
283.33 356.42
285.19 353.21
283.33 350.00
279.63 350.00
277.78 353.21
275.93 350.00
272.22 350.00
270.37 353.21
272.22 356.42
268.52 356.42
266.67 359.62
264.81 356.42
261.11 356.42
262.96 353.21
261.11 350.00
257.41 350.00
255.56 353.21
253.70 350.00
