100.00 400.00
102.47 395.72
100.00 391.45
104.94 391.45
107.41 387.17
104.94 382.89
100.00 382.89
102.47 378.62
100.00 374.34
104.94 374.34
107.41 370.06
109.88 374.34
114.81 374.34
117.28 370.06
114.81 365.79
119.75 365.79
122.22 361.51
119.75 357.23
114.81 357.23
117.28 352.96
114.81 348.68
109.88 348.68
107.41 352.96
104.94 348.68
100.00 348.68
102.47 344.40
100.00 340.13
104.94 340.13
107.41 335.85
104.94 331.57
100.00 331.57
102.47 327.30
100.00 323.02
104.94 323.02
107.41 318.74
109.88 323.02
114.81 323.02
117.28 318.74
114.81 314.47
119.75 314.47
122.22 310.19
124.69 314.47
129.63 314.47
127.16 318.74
129.63 323.02
134.57 323.02
137.04 318.74
139.51 323.02
144.44 323.02
146.91 318.74
144.44 314.47
149.38 314.47
151.85 310.19
149.38 305.91
144.44 305.91
146.91 301.64
144.44 297.36
149.38 297.36
151.85 293.08
154.32 297.36
159.26 297.36
161.73 293.08
159.26 288.81
164.20 288.81
166.67 284.53
164.20 280.25
159.26 280.25
161.73 275.98
159.26 271.70
154.32 271.70
151.85 275.98
149.38 271.70
144.44 271.70
146.91 267.42
144.44 263.15
149.38 263.15
151.85 258.87
149.38 254.59
144.44 254.59
146.91 250.32
144.44 246.04
139.51 246.04
137.04 250.32
134.57 246.04
129.63 246.04
127.16 250.32
129.63 254.59
124.69 254.59
122.22 258.87
119.75 254.59
114.81 254.59
117.28 250.32
114.81 246.04
109.88 246.04
107.41 250.32
104.94 246.04
100.00 246.04
102.47 241.76
100.00 237.49
104.94 237.49
107.41 233.21
104.94 228.93
100.00 228.93
102.47 224.66
100.00 220.38
104.94 220.38
107.41 216.10
109.88 220.38
114.81 220.38
117.28 216.10
114.81 211.83
119.75 211.83
122.22 207.55
119.75 203.27
114.81 203.27
117.28 199.00
114.81 194.72
109.88 194.72
107.41 199.00
104.94 194.72
100.00 194.72
102.47 190.44
100.00 186.17
104.94 186.17
107.41 181.89
104.94 177.61
100.00 177.61
102.47 173.34
100.00 169.06
104.94 169.06
107.41 164.78
109.88 169.06
114.81 169.06
117.28 164.78
114.81 160.51
119.75 160.51
122.22 156.23
124.69 160.51
129.63 160.51
127.16 164.78
129.63 169.06
134.57 169.06
137.04 164.78
139.51 169.06
144.44 169.06
146.91 164.78
144.44 160.51
149.38 160.51
151.85 156.23
149.38 151.95
144.44 151.95
146.91 147.68
144.44 143.40
149.38 143.40
151.85 139.12
154.32 143.40
159.26 143.40
161.73 139.12
159.26 134.85
164.20 134.85
166.67 130.57
169.14 134.85
174.07 134.85
171.60 139.12
174.07 143.40
179.01 143.40
181.48 139.12
183.95 143.40
188.89 143.40
186.42 147.68
188.89 151.95
183.95 151.95
181.48 156.23
183.95 160.51
188.89 160.51
186.42 164.78
188.89 169.06
193.83 169.06
196.30 164.78
198.77 169.06
203.70 169.06
206.17 164.78
203.70 160.51
208.64 160.51
211.11 156.23
213.58 160.51
218.52 160.51
216.05 164.78
218.52 169.06
223.46 169.06
225.93 164.78
228.40 169.06
233.33 169.06
235.80 164.78
233.33 160.51
238.27 160.51
240.74 156.23
238.27 151.95
233.33 151.95
235.80 147.68
233.33 143.40
238.27 143.40
240.74 139.12
243.21 143.40
248.15 143.40
250.62 139.12
248.15 134.85
253.09 134.85
255.56 130.57
253.09 126.29
248.15 126.29
250.62 122.02
248.15 117.74
243.21 117.74
240.74 122.02
238.27 117.74
233.33 117.74
235.80 113.46
233.33 109.19
238.27 109.19
240.74 104.91
238.27 100.63
233.33 100.63
235.80 96.36
233.33 92.08
238.27 92.08
240.74 87.80
243.21 92.08
248.15 92.08
250.62 87.80
248.15 83.53
253.09 83.53
255.56 79.25
258.02 83.53
262.96 83.53
260.49 87.80
262.96 92.08
267.90 92.08
270.37 87.80
272.84 92.08
277.78 92.08
280.25 87.80
277.78 83.53
282.72 83.53
285.19 79.25
282.72 74.97
277.78 74.97
280.25 70.70
277.78 66.42
282.72 66.42
285.19 62.14
287.65 66.42
292.59 66.42
295.06 62.14
292.59 57.87
297.53 57.87
300.00 53.59
302.47 57.87
307.41 57.87
304.94 62.14
307.41 66.42
312.35 66.42
314.81 62.14
317.28 66.42
322.22 66.42
319.75 70.70
322.22 74.97
317.28 74.97
314.81 79.25
317.28 83.53
322.22 83.53
319.75 87.80
322.22 92.08
327.16 92.08
329.63 87.80
332.10 92.08
337.04 92.08
339.51 87.80
337.04 83.53
341.98 83.53
344.44 79.25
346.91 83.53
351.85 83.53
349.38 87.80
351.85 92.08
356.79 92.08
359.26 87.80
361.73 92.08
366.67 92.08
364.20 96.36
366.67 100.63
361.73 100.63
359.26 104.91
361.73 109.19
366.67 109.19
364.20 113.46
366.67 117.74
361.73 117.74
359.26 122.02
356.79 117.74
351.85 117.74
349.38 122.02
351.85 126.29
346.91 126.29
344.44 130.57
346.91 134.85
351.85 134.85
349.38 139.12
351.85 143.40
356.79 143.40
359.26 139.12
361.73 143.40
366.67 143.40
364.20 147.68
366.67 151.95
361.73 151.95
359.26 156.23
361.73 160.51
366.67 160.51
364.20 164.78
366.67 169.06
371.60 169.06
374.07 164.78
376.54 169.06
381.48 169.06
383.95 164.78
381.48 160.51
386.42 160.51
388.89 156.23
391.36 160.51
396.30 160.51
393.83 164.78
396.30 169.06
401.23 169.06
403.70 164.78
406.17 169.06
411.11 169.06
413.58 164.78
411.11 160.51
416.05 160.51
418.52 156.23
416.05 151.95
411.11 151.95
413.58 147.68
411.11 143.40
416.05 143.40
418.52 139.12
420.99 143.40
425.93 143.40
428.40 139.12
425.93 134.85
430.86 134.85
433.33 130.57
435.80 134.85
440.74 134.85
438.27 139.12
440.74 143.40
445.68 143.40
448.15 139.12
450.62 143.40
455.56 143.40
453.09 147.68
455.56 151.95
450.62 151.95
448.15 156.23
450.62 160.51
455.56 160.51
453.09 164.78
455.56 169.06
460.49 169.06
462.96 164.78
465.43 169.06
470.37 169.06
472.84 164.78
470.37 160.51
475.31 160.51
477.78 156.23
480.25 160.51
485.19 160.51
482.72 164.78
485.19 169.06
490.12 169.06
492.59 164.78
495.06 169.06
500.00 169.06
497.53 173.34
500.00 177.61
495.06 177.61
492.59 181.89
495.06 186.17
500.00 186.17
497.53 190.44
500.00 194.72
495.06 194.72
492.59 199.00
490.12 194.72
485.19 194.72
482.72 199.00
485.19 203.27
480.25 203.27
477.78 207.55
480.25 211.83
485.19 211.83
482.72 216.10
485.19 220.38
490.12 220.38
492.59 216.10
495.06 220.38
500.00 220.38
497.53 224.66
500.00 228.93
495.06 228.93
492.59 233.21
495.06 237.49
500.00 237.49
497.53 241.76
500.00 246.04
495.06 246.04
492.59 250.32
490.12 246.04
485.19 246.04
482.72 250.32
485.19 254.59
480.25 254.59
477.78 258.87
475.31 254.59
470.37 254.59
472.84 250.32
470.37 246.04
465.43 246.04
462.96 250.32
460.49 246.04
455.56 246.04
453.09 250.32
455.56 254.59
450.62 254.59
448.15 258.87
450.62 263.15
455.56 263.15
453.09 267.42
455.56 271.70
450.62 271.70
448.15 275.98
445.68 271.70
440.74 271.70
438.27 275.98
440.74 280.25
435.80 280.25
433.33 284.53
435.80 288.81
440.74 288.81
438.27 293.08
440.74 297.36
445.68 297.36
448.15 293.08
450.62 297.36
455.56 297.36
453.09 301.64
455.56 305.91
450.62 305.91
448.15 310.19
450.62 314.47
455.56 314.47
453.09 318.74
455.56 323.02
460.49 323.02
462.96 318.74
465.43 323.02
470.37 323.02
472.84 318.74
470.37 314.47
475.31 314.47
477.78 310.19
480.25 314.47
485.19 314.47
482.72 318.74
485.19 323.02
490.12 323.02
492.59 318.74
495.06 323.02
500.00 323.02
497.53 327.30
500.00 331.57
495.06 331.57
492.59 335.85
495.06 340.13
500.00 340.13
497.53 344.40
500.00 348.68
495.06 348.68
492.59 352.96
490.12 348.68
485.19 348.68
482.72 352.96
485.19 357.23
480.25 357.23
477.78 361.51
480.25 365.79
485.19 365.79
482.72 370.06
485.19 374.34
490.12 374.34
492.59 370.06
495.06 374.34
500.00 374.34
497.53 378.62
500.00 382.89
495.06 382.89
492.59 387.17
495.06 391.45
500.00 391.45
497.53 395.72
500.00 400.00
495.06 400.00
492.59 404.28
490.12 400.00
485.19 400.00
482.72 404.28
485.19 408.55
480.25 408.55
477.78 412.83
475.31 408.55
470.37 408.55
472.84 404.28
470.37 400.00
465.43 400.00
462.96 404.28
460.49 400.00
455.56 400.00
453.09 404.28
455.56 408.55
450.62 408.55
448.15 412.83
450.62 417.11
455.56 417.11
453.09 421.38
455.56 425.66
450.62 425.66
448.15 429.94
445.68 425.66
440.74 425.66
438.27 429.94
440.74 434.21
435.80 434.21
433.33 438.49
430.86 434.21
425.93 434.21
428.40 429.94
425.93 425.66
420.99 425.66
418.52 429.94
416.05 425.66
411.11 425.66
413.58 421.38
411.11 417.11
416.05 417.11
418.52 412.83
416.05 408.55
411.11 408.55
413.58 404.28
411.11 400.00
406.17 400.00
403.70 404.28
401.23 400.00
396.30 400.00
393.83 404.28
396.30 408.55
391.36 408.55
388.89 412.83
386.42 408.55
381.48 408.55
383.95 404.28
381.48 400.00
376.54 400.00
374.07 404.28
371.60 400.00
366.67 400.00
364.20 404.28
366.67 408.55
361.73 408.55
359.26 412.83
361.73 417.11
366.67 417.11
364.20 421.38
366.67 425.66
361.73 425.66
359.26 429.94
356.79 425.66
351.85 425.66
349.38 429.94
351.85 434.21
346.91 434.21
344.44 438.49
346.91 442.77
351.85 442.77
349.38 447.04
351.85 451.32
356.79 451.32
359.26 447.04
361.73 451.32
366.67 451.32
364.20 455.60
366.67 459.87
361.73 459.87
359.26 464.15
361.73 468.43
366.67 468.43
364.20 472.70
366.67 476.98
361.73 476.98
359.26 481.26
356.79 476.98
351.85 476.98
349.38 481.26
351.85 485.53
346.91 485.53
344.44 489.81
341.98 485.53
337.04 485.53
339.51 481.26
337.04 476.98
332.10 476.98
329.63 481.26
327.16 476.98
322.22 476.98
319.75 481.26
322.22 485.53
317.28 485.53
314.81 489.81
317.28 494.09
322.22 494.09
319.75 498.36
322.22 502.64
317.28 502.64
314.81 506.92
312.35 502.64
307.41 502.64
304.94 506.92
307.41 511.19
302.47 511.19
300.00 515.47
297.53 511.19
292.59 511.19
295.06 506.92
292.59 502.64
287.65 502.64
285.19 506.92
282.72 502.64
277.78 502.64
280.25 498.36
277.78 494.09
282.72 494.09
285.19 489.81
282.72 485.53
277.78 485.53
280.25 481.26
277.78 476.98
272.84 476.98
270.37 481.26
267.90 476.98
262.96 476.98
260.49 481.26
262.96 485.53
258.02 485.53
255.56 489.81
253.09 485.53
248.15 485.53
250.62 481.26
248.15 476.98
243.21 476.98
240.74 481.26
238.27 476.98
233.33 476.98
235.80 472.70
233.33 468.43
238.27 468.43
240.74 464.15
238.27 459.87
233.33 459.87
235.80 455.60
233.33 451.32
238.27 451.32
240.74 447.04
243.21 451.32
248.15 451.32
250.62 447.04
248.15 442.77
253.09 442.77
255.56 438.49
253.09 434.21
248.15 434.21
250.62 429.94
248.15 425.66
243.21 425.66
240.74 429.94
238.27 425.66
233.33 425.66
235.80 421.38
233.33 417.11
238.27 417.11
240.74 412.83
238.27 408.55
233.33 408.55
235.80 404.28
233.33 400.00
228.40 400.00
225.93 404.28
223.46 400.00
218.52 400.00
216.05 404.28
218.52 408.55
213.58 408.55
211.11 412.83
208.64 408.55
203.70 408.55
206.17 404.28
203.70 400.00
198.77 400.00
196.30 404.28
193.83 400.00
188.89 400.00
186.42 404.28
188.89 408.55
183.95 408.55
181.48 412.83
183.95 417.11
188.89 417.11
186.42 421.38
188.89 425.66
183.95 425.66
181.48 429.94
179.01 425.66
174.07 425.66
171.60 429.94
174.07 434.21
169.14 434.21
166.67 438.49
164.20 434.21
159.26 434.21
161.73 429.94
159.26 425.66
154.32 425.66
151.85 429.94
149.38 425.66
144.44 425.66
146.91 421.38
144.44 417.11
149.38 417.11
151.85 412.83
149.38 408.55
144.44 408.55
146.91 404.28
144.44 400.00
139.51 400.00
137.04 404.28
134.57 400.00
129.63 400.00
127.16 404.28
129.63 408.55
124.69 408.55
122.22 412.83
119.75 408.55
114.81 408.55
117.28 404.28
114.81 400.00
109.88 400.00
107.41 404.28
104.94 400.00
