100.00 200.00
111.11 180.75
100.00 161.51
122.22 161.51
133.33 142.26
122.22 123.02
100.00 123.02
111.11 103.77
100.00 84.53
122.22 84.53
133.33 65.28
144.44 84.53
166.67 84.53
177.78 65.28
166.67 46.04
188.89 46.04
200.00 26.79
211.11 46.04
233.33 46.04
222.22 65.28
233.33 84.53
255.56 84.53
266.67 65.28
277.78 84.53
300.00 84.53
288.89 103.77
300.00 123.02
277.78 123.02
266.67 142.26
277.78 161.51
300.00 161.51
288.89 180.75
300.00 200.00
277.78 200.00
266.67 219.25
255.56 200.00
233.33 200.00
222.22 219.25
233.33 238.49
211.11 238.49
200.00 257.74
188.89 238.49
166.67 238.49
177.78 219.25
166.67 200.00
144.44 200.00
133.33 219.25
122.22 200.00
