100.00 350.00
103.09 344.65
100.00 339.31
106.17 339.31
109.26 333.96
106.17 328.62
100.00 328.62
103.09 323.27
100.00 317.92
106.17 317.92
109.26 312.58
112.35 317.92
118.52 317.92
121.60 312.58
118.52 307.23
124.69 307.23
127.78 301.89
124.69 296.54
118.52 296.54
121.60 291.20
118.52 285.85
112.35 285.85
109.26 291.20
106.17 285.85
100.00 285.85
103.09 280.50
100.00 275.16
106.17 275.16
109.26 269.81
106.17 264.47
100.00 264.47
103.09 259.12
100.00 253.77
106.17 253.77
109.26 248.43
112.35 253.77
118.52 253.77
121.60 248.43
118.52 243.08
124.69 243.08
127.78 237.74
130.86 243.08
137.04 243.08
133.95 248.43
137.04 253.77
143.21 253.77
146.30 248.43
149.38 253.77
155.56 253.77
158.64 248.43
155.56 243.08
161.73 243.08
164.81 237.74
161.73 232.39
155.56 232.39
158.64 227.05
155.56 221.70
161.73 221.70
164.81 216.35
167.90 221.70
174.07 221.70
177.16 216.35
174.07 211.01
180.25 211.01
183.33 205.66
180.25 200.32
174.07 200.32
177.16 194.97
174.07 189.62
167.90 189.62
164.81 194.97
161.73 189.62
155.56 189.62
158.64 184.28
155.56 178.93
161.73 178.93
164.81 173.59
161.73 168.24
155.56 168.24
158.64 162.90
155.56 157.55
149.38 157.55
146.30 162.90
143.21 157.55
137.04 157.55
133.95 162.90
137.04 168.24
130.86 168.24
127.78 173.59
124.69 168.24
118.52 168.24
121.60 162.90
118.52 157.55
112.35 157.55
109.26 162.90
106.17 157.55
100.00 157.55
103.09 152.20
100.00 146.86
106.17 146.86
109.26 141.51
106.17 136.17
100.00 136.17
103.09 130.82
100.00 125.47
106.17 125.47
109.26 120.13
112.35 125.47
118.52 125.47
121.60 120.13
118.52 114.78
124.69 114.78
127.78 109.44
124.69 104.09
118.52 104.09
121.60 98.75
118.52 93.40
112.35 93.40
109.26 98.75
106.17 93.40
100.00 93.40
103.09 88.05
100.00 82.71
106.17 82.71
109.26 77.36
106.17 72.02
100.00 72.02
103.09 66.67
100.00 61.32
106.17 61.32
109.26 55.98
112.35 61.32
118.52 61.32
121.60 55.98
118.52 50.63
124.69 50.63
127.78 45.29
130.86 50.63
137.04 50.63
133.95 55.98
137.04 61.32
143.21 61.32
146.30 55.98
149.38 61.32
155.56 61.32
158.64 55.98
155.56 50.63
161.73 50.63
164.81 45.29
161.73 39.94
155.56 39.94
158.64 34.60
155.56 29.25
161.73 29.25
164.81 23.90
167.90 29.25
174.07 29.25
177.16 23.90
174.07 18.56
180.25 18.56
183.33 13.21
186.42 18.56
192.59 18.56
189.51 23.90
192.59 29.25
198.77 29.25
201.85 23.90
204.94 29.25
211.11 29.25
208.02 34.60
211.11 39.94
204.94 39.94
201.85 45.29
204.94 50.63
211.11 50.63
208.02 55.98
211.11 61.32
217.28 61.32
220.37 55.98
223.46 61.32
229.63 61.32
232.72 55.98
229.63 50.63
235.80 50.63
238.89 45.29
241.98 50.63
248.15 50.63
245.06 55.98
248.15 61.32
254.32 61.32
257.41 55.98
260.49 61.32
266.67 61.32
269.75 55.98
266.67 50.63
272.84 50.63
275.93 45.29
272.84 39.94
266.67 39.94
269.75 34.60
266.67 29.25
272.84 29.25
275.93 23.90
279.01 29.25
285.19 29.25
288.27 23.90
285.19 18.56
291.36 18.56
294.44 13.21
291.36 7.87
285.19 7.87
288.27 2.52
285.19 -2.83
279.01 -2.83
275.93 2.52
272.84 -2.83
266.67 -2.83
269.75 -8.17
266.67 -13.52
272.84 -13.52
275.93 -18.86
272.84 -24.21
266.67 -24.21
269.75 -29.55
266.67 -34.90
272.84 -34.90
275.93 -40.25
279.01 -34.90
285.19 -34.90
288.27 -40.25
285.19 -45.59
291.36 -45.59
294.44 -50.94
297.53 -45.59
303.70 -45.59
300.62 -40.25
303.70 -34.90
309.88 -34.90
312.96 -40.25
316.05 -34.90
322.22 -34.90
325.31 -40.25
322.22 -45.59
328.40 -45.59
331.48 -50.94
328.40 -56.28
322.22 -56.28
325.31 -61.63
322.22 -66.98
328.40 -66.98
331.48 -72.32
334.57 -66.98
340.74 -66.98
343.83 -72.32
340.74 -77.67
346.91 -77.67
350.00 -83.01
353.09 -77.67
359.26 -77.67
356.17 -72.32
359.26 -66.98
365.43 -66.98
368.52 -72.32
371.60 -66.98
377.78 -66.98
374.69 -61.63
377.78 -56.28
371.60 -56.28
368.52 -50.94
371.60 -45.59
377.78 -45.59
374.69 -40.25
377.78 -34.90
383.95 -34.90
387.04 -40.25
390.12 -34.90
396.30 -34.90
399.38 -40.25
396.30 -45.59
402.47 -45.59
405.56 -50.94
408.64 -45.59
414.81 -45.59
411.73 -40.25
414.81 -34.90
420.99 -34.90
424.07 -40.25
427.16 -34.90
433.33 -34.90
430.25 -29.55
433.33 -24.21
427.16 -24.21
424.07 -18.86
427.16 -13.52
433.33 -13.52
430.25 -8.17
433.33 -2.83
427.16 -2.83
424.07 2.52
420.99 -2.83
414.81 -2.83
411.73 2.52
414.81 7.87
408.64 7.87
405.56 13.21
408.64 18.56
414.81 18.56
411.73 23.90
414.81 29.25
420.99 29.25
424.07 23.90
427.16 29.25
433.33 29.25
430.25 34.60
433.33 39.94
427.16 39.94
424.07 45.29
427.16 50.63
433.33 50.63
430.25 55.98
433.33 61.32
439.51 61.32
442.59 55.98
445.68 61.32
451.85 61.32
454.94 55.98
451.85 50.63
458.02 50.63
461.11 45.29
464.20 50.63
470.37 50.63
467.28 55.98
470.37 61.32
476.54 61.32
479.63 55.98
482.72 61.32
488.89 61.32
491.98 55.98
488.89 50.63
495.06 50.63
498.15 45.29
495.06 39.94
488.89 39.94
491.98 34.60
488.89 29.25
495.06 29.25
498.15 23.90
501.23 29.25
507.41 29.25
510.49 23.90
507.41 18.56
513.58 18.56
516.67 13.21
519.75 18.56
525.93 18.56
522.84 23.90
525.93 29.25
532.10 29.25
535.19 23.90
538.27 29.25
544.44 29.25
541.36 34.60
544.44 39.94
538.27 39.94
535.19 45.29
538.27 50.63
544.44 50.63
541.36 55.98
544.44 61.32
550.62 61.32
553.70 55.98
556.79 61.32
562.96 61.32
566.05 55.98
562.96 50.63
569.14 50.63
572.22 45.29
575.31 50.63
581.48 50.63
578.40 55.98
581.48 61.32
587.65 61.32
590.74 55.98
593.83 61.32
600.00 61.32
596.91 66.67
600.00 72.02
593.83 72.02
590.74 77.36
593.83 82.71
600.00 82.71
596.91 88.05
600.00 93.40
593.83 93.40
590.74 98.75
587.65 93.40
581.48 93.40
578.40 98.75
581.48 104.09
575.31 104.09
572.22 109.44
575.31 114.78
581.48 114.78
578.40 120.13
581.48 125.47
587.65 125.47
590.74 120.13
593.83 125.47
600.00 125.47
596.91 130.82
600.00 136.17
593.83 136.17
590.74 141.51
593.83 146.86
600.00 146.86
596.91 152.20
600.00 157.55
593.83 157.55
590.74 162.90
587.65 157.55
581.48 157.55
578.40 162.90
581.48 168.24
575.31 168.24
572.22 173.59
569.14 168.24
562.96 168.24
566.05 162.90
562.96 157.55
556.79 157.55
553.70 162.90
550.62 157.55
544.44 157.55
541.36 162.90
544.44 168.24
538.27 168.24
535.19 173.59
538.27 178.93
544.44 178.93
541.36 184.28
544.44 189.62
538.27 189.62
535.19 194.97
532.10 189.62
525.93 189.62
522.84 194.97
525.93 200.32
519.75 200.32
516.67 205.66
519.75 211.01
525.93 211.01
522.84 216.35
525.93 221.70
532.10 221.70
535.19 216.35
538.27 221.70
544.44 221.70
541.36 227.05
544.44 232.39
538.27 232.39
535.19 237.74
538.27 243.08
544.44 243.08
541.36 248.43
544.44 253.77
550.62 253.77
553.70 248.43
556.79 253.77
562.96 253.77
566.05 248.43
562.96 243.08
569.14 243.08
572.22 237.74
575.31 243.08
581.48 243.08
578.40 248.43
581.48 253.77
587.65 253.77
590.74 248.43
593.83 253.77
600.00 253.77
596.91 259.12
600.00 264.47
593.83 264.47
590.74 269.81
593.83 275.16
600.00 275.16
596.91 280.50
600.00 285.85
593.83 285.85
590.74 291.20
587.65 285.85
581.48 285.85
578.40 291.20
581.48 296.54
575.31 296.54
572.22 301.89
575.31 307.23
581.48 307.23
578.40 312.58
581.48 317.92
587.65 317.92
590.74 312.58
593.83 317.92
600.00 317.92
596.91 323.27
600.00 328.62
593.83 328.62
590.74 333.96
593.83 339.31
600.00 339.31
596.91 344.65
600.00 350.00
593.83 350.00
590.74 355.35
587.65 350.00
581.48 350.00
578.40 355.35
581.48 360.69
575.31 360.69
572.22 366.04
569.14 360.69
562.96 360.69
566.05 355.35
562.96 350.00
556.79 350.00
553.70 355.35
550.62 350.00
544.44 350.00
541.36 355.35
544.44 360.69
538.27 360.69
535.19 366.04
538.27 371.38
544.44 371.38
541.36 376.73
544.44 382.08
538.27 382.08
535.19 387.42
532.10 382.08
525.93 382.08
522.84 387.42
525.93 392.77
519.75 392.77
516.67 398.11
513.58 392.77
507.41 392.77
510.49 387.42
507.41 382.08
501.23 382.08
498.15 387.42
495.06 382.08
488.89 382.08
491.98 376.73
488.89 371.38
495.06 371.38
498.15 366.04
495.06 360.69
488.89 360.69
491.98 355.35
488.89 350.00
482.72 350.00
479.63 355.35
476.54 350.00
470.37 350.00
467.28 355.35
470.37 360.69
464.20 360.69
461.11 366.04
458.02 360.69
451.85 360.69
454.94 355.35
451.85 350.00
445.68 350.00
442.59 355.35
439.51 350.00
433.33 350.00
430.25 355.35
433.33 360.69
427.16 360.69
424.07 366.04
427.16 371.38
433.33 371.38
430.25 376.73
433.33 382.08
427.16 382.08
424.07 387.42
420.99 382.08
414.81 382.08
411.73 387.42
414.81 392.77
408.64 392.77
405.56 398.11
408.64 403.46
414.81 403.46
411.73 408.80
414.81 414.15
420.99 414.15
424.07 408.80
427.16 414.15
433.33 414.15
430.25 419.50
433.33 424.84
427.16 424.84
424.07 430.19
427.16 435.53
433.33 435.53
430.25 440.88
433.33 446.23
427.16 446.23
424.07 451.57
420.99 446.23
414.81 446.23
411.73 451.57
414.81 456.92
408.64 456.92
405.56 462.26
402.47 456.92
396.30 456.92
399.38 451.57
396.30 446.23
390.12 446.23
387.04 451.57
383.95 446.23
377.78 446.23
374.69 451.57
377.78 456.92
371.60 456.92
368.52 462.26
371.60 467.61
377.78 467.61
374.69 472.95
377.78 478.30
371.60 478.30
368.52 483.65
365.43 478.30
359.26 478.30
356.17 483.65
359.26 488.99
353.09 488.99
350.00 494.34
346.91 488.99
340.74 488.99
343.83 483.65
340.74 478.30
334.57 478.30
331.48 483.65
328.40 478.30
322.22 478.30
325.31 472.95
322.22 467.61
328.40 467.61
331.48 462.26
328.40 456.92
322.22 456.92
325.31 451.57
322.22 446.23
316.05 446.23
312.96 451.57
309.88 446.23
303.70 446.23
300.62 451.57
303.70 456.92
297.53 456.92
294.44 462.26
291.36 456.92
285.19 456.92
288.27 451.57
285.19 446.23
279.01 446.23
275.93 451.57
272.84 446.23
266.67 446.23
269.75 440.88
266.67 435.53
272.84 435.53
275.93 430.19
272.84 424.84
266.67 424.84
269.75 419.50
266.67 414.15
272.84 414.15
275.93 408.80
279.01 414.15
285.19 414.15
288.27 408.80
285.19 403.46
291.36 403.46
294.44 398.11
291.36 392.77
285.19 392.77
288.27 387.42
285.19 382.08
279.01 382.08
275.93 387.42
272.84 382.08
266.67 382.08
269.75 376.73
266.67 371.38
272.84 371.38
275.93 366.04
272.84 360.69
266.67 360.69
269.75 355.35
266.67 350.00
260.49 350.00
257.41 355.35
254.32 350.00
248.15 350.00
245.06 355.35
248.15 360.69
241.98 360.69
238.89 366.04
235.80 360.69
229.63 360.69
232.72 355.35
229.63 350.00
223.46 350.00
220.37 355.35
217.28 350.00
211.11 350.00
208.02 355.35
211.11 360.69
204.94 360.69
201.85 366.04
204.94 371.38
211.11 371.38
208.02 376.73
211.11 382.08
204.94 382.08
201.85 387.42
198.77 382.08
192.59 382.08
189.51 387.42
192.59 392.77
186.42 392.77
183.33 398.11
180.25 392.77
174.07 392.77
177.16 387.42
174.07 382.08
167.90 382.08
164.81 387.42
161.73 382.08
155.56 382.08
158.64 376.73
155.56 371.38
161.73 371.38
164.81 366.04
161.73 360.69
155.56 360.69
158.64 355.35
155.56 350.00
149.38 350.00
146.30 355.35
143.21 350.00
137.04 350.00
133.95 355.35
137.04 360.69
130.86 360.69
127.78 366.04
124.69 360.69
118.52 360.69
121.60 355.35
118.52 350.00
112.35 350.00
109.26 355.35
106.17 350.00
