100.00 200.00
113.89 175.94
100.00 151.89
127.78 151.89
141.67 127.83
127.78 103.77
100.00 103.77
113.89 79.72
100.00 55.66
127.78 55.66
141.67 31.61
155.56 55.66
183.33 55.66
197.22 31.61
183.33 7.55
211.11 7.55
225.00 -16.51
238.89 7.55
266.67 7.55
252.78 31.61
266.67 55.66
294.44 55.66
308.33 31.61
322.22 55.66
350.00 55.66
336.11 79.72
350.00 103.77
322.22 103.77
308.33 127.83
322.22 151.89
350.00 151.89
336.11 175.94
350.00 200.00
322.22 200.00
308.33 224.06
294.44 200.00
266.67 200.00
252.78 224.06
266.67 248.11
238.89 248.11
225.00 272.17
211.11 248.11
183.33 248.11
197.22 224.06
183.33 200.00
155.56 200.00
141.67 224.06
127.78 200.00
