100.00 100.00
111.11 80.75
100.00 61.51
122.22 61.51
133.33 42.26
122.22 23.02
100.00 23.02
111.11 3.77
100.00 -15.47
122.22 -15.47
133.33 -34.72
144.44 -15.47
166.67 -15.47
177.78 -34.72
166.67 -53.96
188.89 -53.96
200.00 -73.21
211.11 -53.96
233.33 -53.96
222.22 -34.72
233.33 -15.47
255.56 -15.47
266.67 -34.72
277.78 -15.47
300.00 -15.47
288.89 3.77
300.00 23.02
277.78 23.02
266.67 42.26
277.78 61.51
300.00 61.51
288.89 80.75
300.00 100.00
277.78 100.00
266.67 119.25
255.56 100.00
233.33 100.00
222.22 119.25
233.33 138.49
211.11 138.49
200.00 157.74
188.89 138.49
166.67 138.49
177.78 119.25
166.67 100.00
144.44 100.00
133.33 119.25
122.22 100.00
