250.00 350.00
255.56 340.38
250.00 330.75
261.11 330.75
266.67 321.13
261.11 311.51
250.00 311.51
255.56 301.89
250.00 292.26
261.11 292.26
266.67 282.64
272.22 292.26
283.33 292.26
288.89 282.64
283.33 273.02
294.44 273.02
300.00 263.40
305.56 273.02
316.67 273.02
311.11 282.64
316.67 292.26
327.78 292.26
333.33 282.64
338.89 292.26
350.00 292.26
344.44 301.89
350.00 311.51
338.89 311.51
333.33 321.13
338.89 330.75
350.00 330.75
344.44 340.38
350.00 350.00
338.89 350.00
333.33 359.62
327.78 350.00
316.67 350.00
311.11 359.62
316.67 369.25
305.56 369.25
300.00 378.87
294.44 369.25
283.33 369.25
288.89 359.62
283.33 350.00
272.22 350.00
266.67 359.62
261.11 350.00
