100.00 250.00
105.56 240.38
100.00 230.75
111.11 230.75
116.67 221.13
111.11 211.51
100.00 211.51
105.56 201.89
100.00 192.26
111.11 192.26
116.67 182.64
122.22 192.26
133.33 192.26
138.89 182.64
133.33 173.02
144.44 173.02
150.00 163.40
144.44 153.77
133.33 153.77
138.89 144.15
133.33 134.53
122.22 134.53
116.67 144.15
111.11 134.53
100.00 134.53
105.56 124.91
100.00 115.28
111.11 115.28
116.67 105.66
111.11 96.04
100.00 96.04
105.56 86.42
100.00 76.79
111.11 76.79
116.67 67.17
122.22 76.79
133.33 76.79
138.89 67.17
133.33 57.55
144.44 57.55
150.00 47.93
155.56 57.55
166.67 57.55
161.11 67.17
166.67 76.79
177.78 76.79
183.33 67.17
188.89 76.79
200.00 76.79
205.56 67.17
200.00 57.55
211.11 57.55
216.67 47.93
211.11 38.30
200.00 38.30
205.56 28.68
200.00 19.06
211.11 19.06
216.67 9.44
222.22 19.06
233.33 19.06
238.89 9.44
233.33 -0.19
244.44 -0.19
250.00 -9.81
255.56 -0.19
266.67 -0.19
261.11 9.44
266.67 19.06
277.78 19.06
283.33 9.44
288.89 19.06
300.00 19.06
294.44 28.68
300.00 38.30
288.89 38.30
283.33 47.93
288.89 57.55
300.00 57.55
294.44 67.17
300.00 76.79
311.11 76.79
316.67 67.17
322.22 76.79
333.33 76.79
338.89 67.17
333.33 57.55
344.44 57.55
350.00 47.93
355.56 57.55
366.67 57.55
361.11 67.17
366.67 76.79
377.78 76.79
383.33 67.17
388.89 76.79
400.00 76.79
394.44 86.42
400.00 96.04
388.89 96.04
383.33 105.66
388.89 115.28
400.00 115.28
394.44 124.91
400.00 134.53
388.89 134.53
383.33 144.15
377.78 134.53
366.67 134.53
361.11 144.15
366.67 153.77
355.56 153.77
350.00 163.40
355.56 173.02
366.67 173.02
361.11 182.64
366.67 192.26
377.78 192.26
383.33 182.64
388.89 192.26
400.00 192.26
394.44 201.89
400.00 211.51
388.89 211.51
383.33 221.13
388.89 230.75
400.00 230.75
394.44 240.38
400.00 250.00
388.89 250.00
383.33 259.62
377.78 250.00
366.67 250.00
361.11 259.62
366.67 269.25
355.56 269.25
350.00 278.87
344.44 269.25
333.33 269.25
338.89 259.62
333.33 250.00
322.22 250.00
316.67 259.62
311.11 250.00
300.00 250.00
294.44 259.62
300.00 269.25
288.89 269.25
283.33 278.87
288.89 288.49
300.00 288.49
294.44 298.11
300.00 307.74
288.89 307.74
283.33 317.36
277.78 307.74
266.67 307.74
261.11 317.36
266.67 326.98
255.56 326.98
250.00 336.60
244.44 326.98
233.33 326.98
238.89 317.36
233.33 307.74
222.22 307.74
216.67 317.36
211.11 307.74
200.00 307.74
205.56 298.11
200.00 288.49
211.11 288.49
216.67 278.87
211.11 269.25
200.00 269.25
205.56 259.62
200.00 250.00
188.89 250.00
183.33 259.62
177.78 250.00
166.67 250.00
161.11 259.62
166.67 269.25
155.56 269.25
150.00 278.87
144.44 269.25
133.33 269.25
138.89 259.62
133.33 250.00
122.22 250.00
116.67 259.62
111.11 250.00
