200.00 450.00
202.47 445.72
200.00 441.45
204.94 441.45
207.41 437.17
204.94 432.89
200.00 432.89
202.47 428.62
200.00 424.34
204.94 424.34
207.41 420.06
209.88 424.34
214.81 424.34
217.28 420.06
214.81 415.79
219.75 415.79
222.22 411.51
219.75 407.23
214.81 407.23
217.28 402.96
214.81 398.68
209.88 398.68
207.41 402.96
204.94 398.68
200.00 398.68
202.47 394.40
200.00 390.13
204.94 390.13
207.41 385.85
204.94 381.57
200.00 381.57
202.47 377.30
200.00 373.02
204.94 373.02
207.41 368.74
209.88 373.02
214.81 373.02
217.28 368.74
214.81 364.47
219.75 364.47
222.22 360.19
224.69 364.47
229.63 364.47
227.16 368.74
229.63 373.02
234.57 373.02
237.04 368.74
239.51 373.02
244.44 373.02
246.91 368.74
244.44 364.47
249.38 364.47
251.85 360.19
249.38 355.91
244.44 355.91
246.91 351.64
244.44 347.36
249.38 347.36
251.85 343.08
254.32 347.36
259.26 347.36
261.73 343.08
259.26 338.81
264.20 338.81
266.67 334.53
264.20 330.25
259.26 330.25
261.73 325.98
259.26 321.70
254.32 321.70
251.85 325.98
249.38 321.70
244.44 321.70
246.91 317.42
244.44 313.15
249.38 313.15
251.85 308.87
249.38 304.59
244.44 304.59
246.91 300.32
244.44 296.04
239.51 296.04
237.04 300.32
234.57 296.04
229.63 296.04
227.16 300.32
229.63 304.59
224.69 304.59
222.22 308.87
219.75 304.59
214.81 304.59
217.28 300.32
214.81 296.04
209.88 296.04
207.41 300.32
204.94 296.04
200.00 296.04
202.47 291.76
200.00 287.49
204.94 287.49
207.41 283.21
204.94 278.93
200.00 278.93
202.47 274.66
200.00 270.38
204.94 270.38
207.41 266.10
209.88 270.38
214.81 270.38
217.28 266.10
214.81 261.83
219.75 261.83
222.22 257.55
219.75 253.27
214.81 253.27
217.28 249.00
214.81 244.72
209.88 244.72
207.41 249.00
204.94 244.72
200.00 244.72
202.47 240.44
200.00 236.17
204.94 236.17
207.41 231.89
204.94 227.61
200.00 227.61
202.47 223.34
200.00 219.06
204.94 219.06
207.41 214.78
209.88 219.06
214.81 219.06
217.28 214.78
214.81 210.51
219.75 210.51
222.22 206.23
224.69 210.51
229.63 210.51
227.16 214.78
229.63 219.06
234.57 219.06
237.04 214.78
239.51 219.06
244.44 219.06
246.91 214.78
244.44 210.51
249.38 210.51
251.85 206.23
249.38 201.95
244.44 201.95
246.91 197.68
244.44 193.40
249.38 193.40
251.85 189.12
254.32 193.40
259.26 193.40
261.73 189.12
259.26 184.85
264.20 184.85
266.67 180.57
269.14 184.85
274.07 184.85
271.60 189.12
274.07 193.40
279.01 193.40
281.48 189.12
283.95 193.40
288.89 193.40
286.42 197.68
288.89 201.95
283.95 201.95
281.48 206.23
283.95 210.51
288.89 210.51
286.42 214.78
288.89 219.06
293.83 219.06
296.30 214.78
298.77 219.06
303.70 219.06
306.17 214.78
303.70 210.51
308.64 210.51
311.11 206.23
313.58 210.51
318.52 210.51
316.05 214.78
318.52 219.06
323.46 219.06
325.93 214.78
328.40 219.06
333.33 219.06
335.80 214.78
333.33 210.51
338.27 210.51
340.74 206.23
338.27 201.95
333.33 201.95
335.80 197.68
333.33 193.40
338.27 193.40
340.74 189.12
343.21 193.40
348.15 193.40
350.62 189.12
348.15 184.85
353.09 184.85
355.56 180.57
353.09 176.29
348.15 176.29
350.62 172.02
348.15 167.74
343.21 167.74
340.74 172.02
338.27 167.74
333.33 167.74
335.80 163.46
333.33 159.19
338.27 159.19
340.74 154.91
338.27 150.63
333.33 150.63
335.80 146.36
333.33 142.08
338.27 142.08
340.74 137.80
343.21 142.08
348.15 142.08
350.62 137.80
348.15 133.53
353.09 133.53
355.56 129.25
358.02 133.53
362.96 133.53
360.49 137.80
362.96 142.08
367.90 142.08
370.37 137.80
372.84 142.08
377.78 142.08
380.25 137.80
377.78 133.53
382.72 133.53
385.19 129.25
382.72 124.97
377.78 124.97
380.25 120.70
377.78 116.42
382.72 116.42
385.19 112.14
387.65 116.42
392.59 116.42
395.06 112.14
392.59 107.87
397.53 107.87
400.00 103.59
402.47 107.87
407.41 107.87
404.94 112.14
407.41 116.42
412.35 116.42
414.81 112.14
417.28 116.42
422.22 116.42
419.75 120.70
422.22 124.97
417.28 124.97
414.81 129.25
417.28 133.53
422.22 133.53
419.75 137.80
422.22 142.08
427.16 142.08
429.63 137.80
432.10 142.08
437.04 142.08
439.51 137.80
437.04 133.53
441.98 133.53
444.44 129.25
446.91 133.53
451.85 133.53
449.38 137.80
451.85 142.08
456.79 142.08
459.26 137.80
461.73 142.08
466.67 142.08
464.20 146.36
466.67 150.63
461.73 150.63
459.26 154.91
461.73 159.19
466.67 159.19
464.20 163.46
466.67 167.74
461.73 167.74
459.26 172.02
456.79 167.74
451.85 167.74
449.38 172.02
451.85 176.29
446.91 176.29
444.44 180.57
446.91 184.85
451.85 184.85
449.38 189.12
451.85 193.40
456.79 193.40
459.26 189.12
461.73 193.40
466.67 193.40
464.20 197.68
466.67 201.95
461.73 201.95
459.26 206.23
461.73 210.51
466.67 210.51
464.20 214.78
466.67 219.06
471.60 219.06
474.07 214.78
476.54 219.06
481.48 219.06
483.95 214.78
481.48 210.51
486.42 210.51
488.89 206.23
491.36 210.51
496.30 210.51
493.83 214.78
496.30 219.06
501.23 219.06
503.70 214.78
506.17 219.06
511.11 219.06
513.58 214.78
511.11 210.51
516.05 210.51
518.52 206.23
516.05 201.95
511.11 201.95
513.58 197.68
511.11 193.40
516.05 193.40
518.52 189.12
520.99 193.40
525.93 193.40
528.40 189.12
525.93 184.85
530.86 184.85
533.33 180.57
535.80 184.85
540.74 184.85
538.27 189.12
540.74 193.40
545.68 193.40
548.15 189.12
550.62 193.40
555.56 193.40
553.09 197.68
555.56 201.95
550.62 201.95
548.15 206.23
550.62 210.51
555.56 210.51
553.09 214.78
555.56 219.06
560.49 219.06
562.96 214.78
565.43 219.06
570.37 219.06
572.84 214.78
570.37 210.51
575.31 210.51
577.78 206.23
580.25 210.51
585.19 210.51
582.72 214.78
585.19 219.06
590.12 219.06
592.59 214.78
595.06 219.06
600.00 219.06
597.53 223.34
600.00 227.61
595.06 227.61
592.59 231.89
595.06 236.17
600.00 236.17
597.53 240.44
600.00 244.72
595.06 244.72
592.59 249.00
590.12 244.72
585.19 244.72
582.72 249.00
585.19 253.27
580.25 253.27
577.78 257.55
580.25 261.83
585.19 261.83
582.72 266.10
585.19 270.38
590.12 270.38
592.59 266.10
595.06 270.38
600.00 270.38
597.53 274.66
600.00 278.93
595.06 278.93
592.59 283.21
595.06 287.49
600.00 287.49
597.53 291.76
600.00 296.04
595.06 296.04
592.59 300.32
590.12 296.04
585.19 296.04
582.72 300.32
585.19 304.59
580.25 304.59
577.78 308.87
575.31 304.59
570.37 304.59
572.84 300.32
570.37 296.04
565.43 296.04
562.96 300.32
560.49 296.04
555.56 296.04
553.09 300.32
555.56 304.59
550.62 304.59
548.15 308.87
550.62 313.15
555.56 313.15
553.09 317.42
555.56 321.70
550.62 321.70
548.15 325.98
545.68 321.70
540.74 321.70
538.27 325.98
540.74 330.25
535.80 330.25
533.33 334.53
535.80 338.81
540.74 338.81
538.27 343.08
540.74 347.36
545.68 347.36
548.15 343.08
550.62 347.36
555.56 347.36
553.09 351.64
555.56 355.91
550.62 355.91
548.15 360.19
550.62 364.47
555.56 364.47
553.09 368.74
555.56 373.02
560.49 373.02
562.96 368.74
565.43 373.02
570.37 373.02
572.84 368.74
570.37 364.47
575.31 364.47
577.78 360.19
580.25 364.47
585.19 364.47
582.72 368.74
585.19 373.02
590.12 373.02
592.59 368.74
595.06 373.02
600.00 373.02
597.53 377.30
600.00 381.57
595.06 381.57
592.59 385.85
595.06 390.13
600.00 390.13
597.53 394.40
600.00 398.68
595.06 398.68
592.59 402.96
590.12 398.68
585.19 398.68
582.72 402.96
585.19 407.23
580.25 407.23
577.78 411.51
580.25 415.79
585.19 415.79
582.72 420.06
585.19 424.34
590.12 424.34
592.59 420.06
595.06 424.34
600.00 424.34
597.53 428.62
600.00 432.89
595.06 432.89
592.59 437.17
595.06 441.45
600.00 441.45
597.53 445.72
600.00 450.00
595.06 450.00
592.59 454.28
590.12 450.00
585.19 450.00
582.72 454.28
585.19 458.55
580.25 458.55
577.78 462.83
575.31 458.55
570.37 458.55
572.84 454.28
570.37 450.00
565.43 450.00
562.96 454.28
560.49 450.00
555.56 450.00
553.09 454.28
555.56 458.55
550.62 458.55
548.15 462.83
550.62 467.11
555.56 467.11
553.09 471.38
555.56 475.66
550.62 475.66
548.15 479.94
545.68 475.66
540.74 475.66
538.27 479.94
540.74 484.21
535.80 484.21
533.33 488.49
530.86 484.21
525.93 484.21
528.40 479.94
525.93 475.66
520.99 475.66
518.52 479.94
516.05 475.66
511.11 475.66
513.58 471.38
511.11 467.11
516.05 467.11
518.52 462.83
516.05 458.55
511.11 458.55
513.58 454.28
511.11 450.00
506.17 450.00
503.70 454.28
501.23 450.00
496.30 450.00
493.83 454.28
496.30 458.55
491.36 458.55
488.89 462.83
486.42 458.55
481.48 458.55
483.95 454.28
481.48 450.00
476.54 450.00
474.07 454.28
471.60 450.00
466.67 450.00
464.20 454.28
466.67 458.55
461.73 458.55
459.26 462.83
461.73 467.11
466.67 467.11
464.20 471.38
466.67 475.66
461.73 475.66
459.26 479.94
456.79 475.66
451.85 475.66
449.38 479.94
451.85 484.21
446.91 484.21
444.44 488.49
446.91 492.77
451.85 492.77
449.38 497.04
451.85 501.32
456.79 501.32
459.26 497.04
461.73 501.32
466.67 501.32
464.20 505.60
466.67 509.87
461.73 509.87
459.26 514.15
461.73 518.43
466.67 518.43
464.20 522.70
466.67 526.98
461.73 526.98
459.26 531.26
456.79 526.98
451.85 526.98
449.38 531.26
451.85 535.53
446.91 535.53
444.44 539.81
441.98 535.53
437.04 535.53
439.51 531.26
437.04 526.98
432.10 526.98
429.63 531.26
427.16 526.98
422.22 526.98
419.75 531.26
422.22 535.53
417.28 535.53
414.81 539.81
417.28 544.09
422.22 544.09
419.75 548.36
422.22 552.64
417.28 552.64
414.81 556.92
412.35 552.64
407.41 552.64
404.94 556.92
407.41 561.19
402.47 561.19
400.00 565.47
397.53 561.19
392.59 561.19
395.06 556.92
392.59 552.64
387.65 552.64
385.19 556.92
382.72 552.64
377.78 552.64
380.25 548.36
377.78 544.09
382.72 544.09
385.19 539.81
382.72 535.53
377.78 535.53
380.25 531.26
377.78 526.98
372.84 526.98
370.37 531.26
367.90 526.98
362.96 526.98
360.49 531.26
362.96 535.53
358.02 535.53
355.56 539.81
353.09 535.53
348.15 535.53
350.62 531.26
348.15 526.98
343.21 526.98
340.74 531.26
338.27 526.98
333.33 526.98
335.80 522.70
333.33 518.43
338.27 518.43
340.74 514.15
338.27 509.87
333.33 509.87
335.80 505.60
333.33 501.32
338.27 501.32
340.74 497.04
343.21 501.32
348.15 501.32
350.62 497.04
348.15 492.77
353.09 492.77
355.56 488.49
353.09 484.21
348.15 484.21
350.62 479.94
348.15 475.66
343.21 475.66
340.74 479.94
338.27 475.66
333.33 475.66
335.80 471.38
333.33 467.11
338.27 467.11
340.74 462.83
338.27 458.55
333.33 458.55
335.80 454.28
333.33 450.00
328.40 450.00
325.93 454.28
323.46 450.00
318.52 450.00
316.05 454.28
318.52 458.55
313.58 458.55
311.11 462.83
308.64 458.55
303.70 458.55
306.17 454.28
303.70 450.00
298.77 450.00
296.30 454.28
293.83 450.00
288.89 450.00
286.42 454.28
288.89 458.55
283.95 458.55
281.48 462.83
283.95 467.11
288.89 467.11
286.42 471.38
288.89 475.66
283.95 475.66
281.48 479.94
279.01 475.66
274.07 475.66
271.60 479.94
274.07 484.21
269.14 484.21
266.67 488.49
264.20 484.21
259.26 484.21
261.73 479.94
259.26 475.66
254.32 475.66
251.85 479.94
249.38 475.66
244.44 475.66
246.91 471.38
244.44 467.11
249.38 467.11
251.85 462.83
249.38 458.55
244.44 458.55
246.91 454.28
244.44 450.00
239.51 450.00
237.04 454.28
234.57 450.00
229.63 450.00
227.16 454.28
229.63 458.55
224.69 458.55
222.22 462.83
219.75 458.55
214.81 458.55
217.28 454.28
214.81 450.00
209.88 450.00
207.41 454.28
204.94 450.00
