100.00 425.00
109.26 408.96
100.00 392.92
118.52 392.92
127.78 376.89
118.52 360.85
100.00 360.85
109.26 344.81
100.00 328.77
118.52 328.77
127.78 312.74
137.04 328.77
155.56 328.77
164.81 312.74
155.56 296.70
174.07 296.70
183.33 280.66
174.07 264.62
155.56 264.62
164.81 248.59
155.56 232.55
137.04 232.55
127.78 248.59
118.52 232.55
100.00 232.55
109.26 216.51
100.00 200.47
118.52 200.47
127.78 184.44
118.52 168.40
100.00 168.40
109.26 152.36
100.00 136.32
118.52 136.32
127.78 120.29
137.04 136.32
155.56 136.32
164.81 120.29
155.56 104.25
174.07 104.25
183.33 88.21
192.59 104.25
211.11 104.25
201.85 120.29
211.11 136.32
229.63 136.32
238.89 120.29
248.15 136.32
266.67 136.32
275.93 120.29
266.67 104.25
285.19 104.25
294.44 88.21
285.19 72.17
266.67 72.17
275.93 56.14
266.67 40.10
285.19 40.10
294.44 24.06
303.70 40.10
322.22 40.10
331.48 24.06
322.22 8.02
340.74 8.02
350.00 -8.01
359.26 8.02
377.78 8.02
368.52 24.06
377.78 40.10
396.30 40.10
405.56 24.06
414.81 40.10
433.33 40.10
424.07 56.14
433.33 72.17
414.81 72.17
405.56 88.21
414.81 104.25
433.33 104.25
424.07 120.29
433.33 136.32
451.85 136.32
461.11 120.29
470.37 136.32
488.89 136.32
498.15 120.29
488.89 104.25
507.41 104.25
516.67 88.21
525.93 104.25
544.44 104.25
535.19 120.29
544.44 136.32
562.96 136.32
572.22 120.29
581.48 136.32
600.00 136.32
590.74 152.36
600.00 168.40
581.48 168.40
572.22 184.44
581.48 200.47
600.00 200.47
590.74 216.51
600.00 232.55
581.48 232.55
572.22 248.59
562.96 232.55
544.44 232.55
535.19 248.59
544.44 264.62
525.93 264.62
516.67 280.66
525.93 296.70
544.44 296.70
535.19 312.74
544.44 328.77
562.96 328.77
572.22 312.74
581.48 328.77
600.00 328.77
590.74 344.81
600.00 360.85
581.48 360.85
572.22 376.89
581.48 392.92
600.00 392.92
590.74 408.96
600.00 425.00
581.48 425.00
572.22 441.04
562.96 425.00
544.44 425.00
535.19 441.04
544.44 457.08
525.93 457.08
516.67 473.11
507.41 457.08
488.89 457.08
498.15 441.04
488.89 425.00
470.37 425.00
461.11 441.04
451.85 425.00
433.33 425.00
424.07 441.04
433.33 457.08
414.81 457.08
405.56 473.11
414.81 489.15
433.33 489.15
424.07 505.19
433.33 521.23
414.81 521.23
405.56 537.26
396.30 521.23
377.78 521.23
368.52 537.26
377.78 553.30
359.26 553.30
350.00 569.34
340.74 553.30
322.22 553.30
331.48 537.26
322.22 521.23
303.70 521.23
294.44 537.26
285.19 521.23
266.67 521.23
275.93 505.19
266.67 489.15
285.19 489.15
294.44 473.11
285.19 457.08
266.67 457.08
275.93 441.04
266.67 425.00
248.15 425.00
238.89 441.04
229.63 425.00
211.11 425.00
201.85 441.04
211.11 457.08
192.59 457.08
183.33 473.11
174.07 457.08
155.56 457.08
164.81 441.04
155.56 425.00
137.04 425.00
127.78 441.04
118.52 425.00
