300.00 500.00
303.09 494.65
300.00 489.31
306.17 489.31
309.26 483.96
306.17 478.62
300.00 478.62
303.09 473.27
300.00 467.92
306.17 467.92
309.26 462.58
312.35 467.92
318.52 467.92
321.60 462.58
318.52 457.23
324.69 457.23
327.78 451.89
324.69 446.54
318.52 446.54
321.60 441.20
318.52 435.85
312.35 435.85
309.26 441.20
306.17 435.85
300.00 435.85
303.09 430.50
300.00 425.16
306.17 425.16
309.26 419.81
306.17 414.47
300.00 414.47
303.09 409.12
300.00 403.77
306.17 403.77
309.26 398.43
312.35 403.77
318.52 403.77
321.60 398.43
318.52 393.08
324.69 393.08
327.78 387.74
330.86 393.08
337.04 393.08
333.95 398.43
337.04 403.77
343.21 403.77
346.30 398.43
349.38 403.77
355.56 403.77
358.64 398.43
355.56 393.08
361.73 393.08
364.81 387.74
361.73 382.39
355.56 382.39
358.64 377.05
355.56 371.70
361.73 371.70
364.81 366.35
367.90 371.70
374.07 371.70
377.16 366.35
374.07 361.01
380.25 361.01
383.33 355.66
380.25 350.32
374.07 350.32
377.16 344.97
374.07 339.62
367.90 339.62
364.81 344.97
361.73 339.62
355.56 339.62
358.64 334.28
355.56 328.93
361.73 328.93
364.81 323.59
361.73 318.24
355.56 318.24
358.64 312.90
355.56 307.55
349.38 307.55
346.30 312.90
343.21 307.55
337.04 307.55
333.95 312.90
337.04 318.24
330.86 318.24
327.78 323.59
324.69 318.24
318.52 318.24
321.60 312.90
318.52 307.55
312.35 307.55
309.26 312.90
306.17 307.55
300.00 307.55
303.09 302.20
300.00 296.86
306.17 296.86
309.26 291.51
306.17 286.17
300.00 286.17
303.09 280.82
300.00 275.47
306.17 275.47
309.26 270.13
312.35 275.47
318.52 275.47
321.60 270.13
318.52 264.78
324.69 264.78
327.78 259.44
324.69 254.09
318.52 254.09
321.60 248.75
318.52 243.40
312.35 243.40
309.26 248.75
306.17 243.40
300.00 243.40
303.09 238.05
300.00 232.71
306.17 232.71
309.26 227.36
306.17 222.02
300.00 222.02
303.09 216.67
300.00 211.32
306.17 211.32
309.26 205.98
312.35 211.32
318.52 211.32
321.60 205.98
318.52 200.63
324.69 200.63
327.78 195.29
330.86 200.63
337.04 200.63
333.95 205.98
337.04 211.32
343.21 211.32
346.30 205.98
349.38 211.32
355.56 211.32
358.64 205.98
355.56 200.63
361.73 200.63
364.81 195.29
361.73 189.94
355.56 189.94
358.64 184.60
355.56 179.25
361.73 179.25
364.81 173.90
367.90 179.25
374.07 179.25
377.16 173.90
374.07 168.56
380.25 168.56
383.33 163.21
386.42 168.56
392.59 168.56
389.51 173.90
392.59 179.25
398.77 179.25
401.85 173.90
404.94 179.25
411.11 179.25
408.02 184.60
411.11 189.94
404.94 189.94
401.85 195.29
404.94 200.63
411.11 200.63
408.02 205.98
411.11 211.32
417.28 211.32
420.37 205.98
423.46 211.32
429.63 211.32
432.72 205.98
429.63 200.63
435.80 200.63
438.89 195.29
441.98 200.63
448.15 200.63
445.06 205.98
448.15 211.32
454.32 211.32
457.41 205.98
460.49 211.32
466.67 211.32
469.75 205.98
466.67 200.63
472.84 200.63
475.93 195.29
472.84 189.94
466.67 189.94
469.75 184.60
466.67 179.25
472.84 179.25
475.93 173.90
479.01 179.25
485.19 179.25
488.27 173.90
485.19 168.56
491.36 168.56
494.44 163.21
491.36 157.87
485.19 157.87
488.27 152.52
485.19 147.17
479.01 147.17
475.93 152.52
472.84 147.17
466.67 147.17
469.75 141.83
466.67 136.48
472.84 136.48
475.93 131.14
472.84 125.79
466.67 125.79
469.75 120.45
466.67 115.10
472.84 115.10
475.93 109.75
479.01 115.10
485.19 115.10
488.27 109.75
485.19 104.41
491.36 104.41
494.44 99.06
497.53 104.41
503.70 104.41
500.62 109.75
503.70 115.10
509.88 115.10
512.96 109.75
516.05 115.10
522.22 115.10
525.31 109.75
522.22 104.41
528.40 104.41
531.48 99.06
528.40 93.72
522.22 93.72
525.31 88.37
522.22 83.02
528.40 83.02
531.48 77.68
534.57 83.02
540.74 83.02
543.83 77.68
540.74 72.33
546.91 72.33
550.00 66.99
553.09 72.33
559.26 72.33
556.17 77.68
559.26 83.02
565.43 83.02
568.52 77.68
571.60 83.02
577.78 83.02
574.69 88.37
577.78 93.72
571.60 93.72
568.52 99.06
571.60 104.41
577.78 104.41
574.69 109.75
577.78 115.10
583.95 115.10
587.04 109.75
590.12 115.10
596.30 115.10
599.38 109.75
596.30 104.41
602.47 104.41
605.56 99.06
608.64 104.41
614.81 104.41
611.73 109.75
614.81 115.10
620.99 115.10
624.07 109.75
627.16 115.10
633.33 115.10
630.25 120.45
633.33 125.79
627.16 125.79
624.07 131.14
627.16 136.48
633.33 136.48
630.25 141.83
633.33 147.17
627.16 147.17
624.07 152.52
620.99 147.17
614.81 147.17
611.73 152.52
614.81 157.87
608.64 157.87
605.56 163.21
608.64 168.56
614.81 168.56
611.73 173.90
614.81 179.25
620.99 179.25
624.07 173.90
627.16 179.25
633.33 179.25
630.25 184.60
633.33 189.94
627.16 189.94
624.07 195.29
627.16 200.63
633.33 200.63
630.25 205.98
633.33 211.32
639.51 211.32
642.59 205.98
645.68 211.32
651.85 211.32
654.94 205.98
651.85 200.63
658.02 200.63
661.11 195.29
664.20 200.63
670.37 200.63
667.28 205.98
670.37 211.32
676.54 211.32
679.63 205.98
682.72 211.32
688.89 211.32
691.98 205.98
688.89 200.63
695.06 200.63
698.15 195.29
695.06 189.94
688.89 189.94
691.98 184.60
688.89 179.25
695.06 179.25
698.15 173.90
701.23 179.25
707.41 179.25
710.49 173.90
707.41 168.56
713.58 168.56
716.67 163.21
719.75 168.56
725.93 168.56
722.84 173.90
725.93 179.25
732.10 179.25
735.19 173.90
738.27 179.25
744.44 179.25
741.36 184.60
744.44 189.94
738.27 189.94
735.19 195.29
738.27 200.63
744.44 200.63
741.36 205.98
744.44 211.32
750.62 211.32
753.70 205.98
756.79 211.32
762.96 211.32
766.05 205.98
762.96 200.63
769.14 200.63
772.22 195.29
775.31 200.63
781.48 200.63
778.40 205.98
781.48 211.32
787.65 211.32
790.74 205.98
793.83 211.32
800.00 211.32
796.91 216.67
800.00 222.02
793.83 222.02
790.74 227.36
793.83 232.71
800.00 232.71
796.91 238.05
800.00 243.40
793.83 243.40
790.74 248.75
787.65 243.40
781.48 243.40
778.40 248.75
781.48 254.09
775.31 254.09
772.22 259.44
775.31 264.78
781.48 264.78
778.40 270.13
781.48 275.47
787.65 275.47
790.74 270.13
793.83 275.47
800.00 275.47
796.91 280.82
800.00 286.17
793.83 286.17
790.74 291.51
793.83 296.86
800.00 296.86
796.91 302.20
800.00 307.55
793.83 307.55
790.74 312.90
787.65 307.55
781.48 307.55
778.40 312.90
781.48 318.24
775.31 318.24
772.22 323.59
769.14 318.24
762.96 318.24
766.05 312.90
762.96 307.55
756.79 307.55
753.70 312.90
750.62 307.55
744.44 307.55
741.36 312.90
744.44 318.24
738.27 318.24
735.19 323.59
738.27 328.93
744.44 328.93
741.36 334.28
744.44 339.62
738.27 339.62
735.19 344.97
732.10 339.62
725.93 339.62
722.84 344.97
725.93 350.32
719.75 350.32
716.67 355.66
719.75 361.01
725.93 361.01
722.84 366.35
725.93 371.70
732.10 371.70
735.19 366.35
738.27 371.70
744.44 371.70
741.36 377.05
744.44 382.39
738.27 382.39
735.19 387.74
738.27 393.08
744.44 393.08
741.36 398.43
744.44 403.77
750.62 403.77
753.70 398.43
756.79 403.77
762.96 403.77
766.05 398.43
762.96 393.08
769.14 393.08
772.22 387.74
775.31 393.08
781.48 393.08
778.40 398.43
781.48 403.77
787.65 403.77
790.74 398.43
793.83 403.77
800.00 403.77
796.91 409.12
800.00 414.47
793.83 414.47
790.74 419.81
793.83 425.16
800.00 425.16
796.91 430.50
800.00 435.85
793.83 435.85
790.74 441.20
787.65 435.85
781.48 435.85
778.40 441.20
781.48 446.54
775.31 446.54
772.22 451.89
775.31 457.23
781.48 457.23
778.40 462.58
781.48 467.92
787.65 467.92
790.74 462.58
793.83 467.92
800.00 467.92
796.91 473.27
800.00 478.62
793.83 478.62
790.74 483.96
793.83 489.31
800.00 489.31
796.91 494.65
800.00 500.00
793.83 500.00
790.74 505.35
787.65 500.00
781.48 500.00
778.40 505.35
781.48 510.69
775.31 510.69
772.22 516.04
769.14 510.69
762.96 510.69
766.05 505.35
762.96 500.00
756.79 500.00
753.70 505.35
750.62 500.00
744.44 500.00
741.36 505.35
744.44 510.69
738.27 510.69
735.19 516.04
738.27 521.38
744.44 521.38
741.36 526.73
744.44 532.08
738.27 532.08
735.19 537.42
732.10 532.08
725.93 532.08
722.84 537.42
725.93 542.77
719.75 542.77
716.67 548.11
713.58 542.77
707.41 542.77
710.49 537.42
707.41 532.08
701.23 532.08
698.15 537.42
695.06 532.08
688.89 532.08
691.98 526.73
688.89 521.38
695.06 521.38
698.15 516.04
695.06 510.69
688.89 510.69
691.98 505.35
688.89 500.00
682.72 500.00
679.63 505.35
676.54 500.00
670.37 500.00
667.28 505.35
670.37 510.69
664.20 510.69
661.11 516.04
658.02 510.69
651.85 510.69
654.94 505.35
651.85 500.00
645.68 500.00
642.59 505.35
639.51 500.00
633.33 500.00
630.25 505.35
633.33 510.69
627.16 510.69
624.07 516.04
627.16 521.38
633.33 521.38
630.25 526.73
633.33 532.08
627.16 532.08
624.07 537.42
620.99 532.08
614.81 532.08
611.73 537.42
614.81 542.77
608.64 542.77
605.56 548.11
608.64 553.46
614.81 553.46
611.73 558.80
614.81 564.15
620.99 564.15
624.07 558.80
627.16 564.15
633.33 564.15
630.25 569.50
633.33 574.84
627.16 574.84
624.07 580.19
627.16 585.53
633.33 585.53
630.25 590.88
633.33 596.23
627.16 596.23
624.07 601.57
620.99 596.23
614.81 596.23
611.73 601.57
614.81 606.92
608.64 606.92
605.56 612.26
602.47 606.92
596.30 606.92
599.38 601.57
596.30 596.23
590.12 596.23
587.04 601.57
583.95 596.23
577.78 596.23
574.69 601.57
577.78 606.92
571.60 606.92
568.52 612.26
571.60 617.61
577.78 617.61
574.69 622.95
577.78 628.30
571.60 628.30
568.52 633.65
565.43 628.30
559.26 628.30
556.17 633.65
559.26 638.99
553.09 638.99
550.00 644.34
546.91 638.99
540.74 638.99
543.83 633.65
540.74 628.30
534.57 628.30
531.48 633.65
528.40 628.30
522.22 628.30
525.31 622.95
522.22 617.61
528.40 617.61
531.48 612.26
528.40 606.92
522.22 606.92
525.31 601.57
522.22 596.23
516.05 596.23
512.96 601.57
509.88 596.23
503.70 596.23
500.62 601.57
503.70 606.92
497.53 606.92
494.44 612.26
491.36 606.92
485.19 606.92
488.27 601.57
485.19 596.23
479.01 596.23
475.93 601.57
472.84 596.23
466.67 596.23
469.75 590.88
466.67 585.53
472.84 585.53
475.93 580.19
472.84 574.84
466.67 574.84
469.75 569.50
466.67 564.15
472.84 564.15
475.93 558.80
479.01 564.15
485.19 564.15
488.27 558.80
485.19 553.46
491.36 553.46
494.44 548.11
491.36 542.77
485.19 542.77
488.27 537.42
485.19 532.08
479.01 532.08
475.93 537.42
472.84 532.08
466.67 532.08
469.75 526.73
466.67 521.38
472.84 521.38
475.93 516.04
472.84 510.69
466.67 510.69
469.75 505.35
466.67 500.00
460.49 500.00
457.41 505.35
454.32 500.00
448.15 500.00
445.06 505.35
448.15 510.69
441.98 510.69
438.89 516.04
435.80 510.69
429.63 510.69
432.72 505.35
429.63 500.00
423.46 500.00
420.37 505.35
417.28 500.00
411.11 500.00
408.02 505.35
411.11 510.69
404.94 510.69
401.85 516.04
404.94 521.38
411.11 521.38
408.02 526.73
411.11 532.08
404.94 532.08
401.85 537.42
398.77 532.08
392.59 532.08
389.51 537.42
392.59 542.77
386.42 542.77
383.33 548.11
380.25 542.77
374.07 542.77
377.16 537.42
374.07 532.08
367.90 532.08
364.81 537.42
361.73 532.08
355.56 532.08
358.64 526.73
355.56 521.38
361.73 521.38
364.81 516.04
361.73 510.69
355.56 510.69
358.64 505.35
355.56 500.00
349.38 500.00
346.30 505.35
343.21 500.00
337.04 500.00
333.95 505.35
337.04 510.69
330.86 510.69
327.78 516.04
324.69 510.69
318.52 510.69
321.60 505.35
318.52 500.00
312.35 500.00
309.26 505.35
306.17 500.00
