100.00 450.00
102.78 445.19
100.00 440.38
105.56 440.38
108.33 435.57
105.56 430.75
100.00 430.75
102.78 425.94
100.00 421.13
105.56 421.13
108.33 416.32
111.11 421.13
116.67 421.13
119.44 416.32
116.67 411.51
122.22 411.51
125.00 406.70
122.22 401.89
116.67 401.89
119.44 397.08
116.67 392.26
111.11 392.26
108.33 397.08
105.56 392.26
100.00 392.26
102.78 387.45
100.00 382.64
105.56 382.64
108.33 377.83
105.56 373.02
100.00 373.02
102.78 368.21
100.00 363.40
105.56 363.40
108.33 358.59
111.11 363.40
116.67 363.40
119.44 358.59
116.67 353.77
122.22 353.77
125.00 348.96
127.78 353.77
133.33 353.77
130.56 358.59
133.33 363.40
138.89 363.40
141.67 358.59
144.44 363.40
150.00 363.40
152.78 358.59
150.00 353.77
155.56 353.77
158.33 348.96
155.56 344.15
150.00 344.15
152.78 339.34
150.00 334.53
155.56 334.53
158.33 329.72
161.11 334.53
166.67 334.53
169.44 329.72
166.67 324.91
172.22 324.91
175.00 320.10
172.22 315.28
166.67 315.28
169.44 310.47
166.67 305.66
161.11 305.66
158.33 310.47
155.56 305.66
150.00 305.66
152.78 300.85
150.00 296.04
155.56 296.04
158.33 291.23
155.56 286.42
150.00 286.42
152.78 281.61
150.00 276.79
144.44 276.79
141.67 281.61
138.89 276.79
133.33 276.79
130.56 281.61
133.33 286.42
127.78 286.42
125.00 291.23
122.22 286.42
116.67 286.42
119.44 281.61
116.67 276.79
111.11 276.79
108.33 281.61
105.56 276.79
100.00 276.79
102.78 271.98
100.00 267.17
105.56 267.17
108.33 262.36
105.56 257.55
100.00 257.55
102.78 252.74
100.00 247.93
105.56 247.93
108.33 243.12
111.11 247.93
116.67 247.93
119.44 243.12
116.67 238.30
122.22 238.30
125.00 233.49
122.22 228.68
116.67 228.68
119.44 223.87
116.67 219.06
111.11 219.06
108.33 223.87
105.56 219.06
100.00 219.06
102.78 214.25
100.00 209.44
105.56 209.44
108.33 204.63
105.56 199.81
100.00 199.81
102.78 195.00
100.00 190.19
105.56 190.19
108.33 185.38
111.11 190.19
116.67 190.19
119.44 185.38
116.67 180.57
122.22 180.57
125.00 175.76
127.78 180.57
133.33 180.57
130.56 185.38
133.33 190.19
138.89 190.19
141.67 185.38
144.44 190.19
150.00 190.19
152.78 185.38
150.00 180.57
155.56 180.57
158.33 175.76
155.56 170.95
150.00 170.95
152.78 166.14
150.00 161.32
155.56 161.32
158.33 156.51
161.11 161.32
166.67 161.32
169.44 156.51
166.67 151.70
172.22 151.70
175.00 146.89
177.78 151.70
183.33 151.70
180.56 156.51
183.33 161.32
188.89 161.32
191.67 156.51
194.44 161.32
200.00 161.32
197.22 166.14
200.00 170.95
194.44 170.95
191.67 175.76
194.44 180.57
200.00 180.57
197.22 185.38
200.00 190.19
205.56 190.19
208.33 185.38
211.11 190.19
216.67 190.19
219.44 185.38
216.67 180.57
222.22 180.57
225.00 175.76
227.78 180.57
233.33 180.57
230.56 185.38
233.33 190.19
238.89 190.19
241.67 185.38
244.44 190.19
250.00 190.19
252.78 185.38
250.00 180.57
255.56 180.57
258.33 175.76
255.56 170.95
250.00 170.95
252.78 166.14
250.00 161.32
255.56 161.32
258.33 156.51
261.11 161.32
266.67 161.32
269.44 156.51
266.67 151.70
272.22 151.70
275.00 146.89
272.22 142.08
266.67 142.08
269.44 137.27
266.67 132.46
261.11 132.46
258.33 137.27
255.56 132.46
250.00 132.46
252.78 127.65
250.00 122.83
255.56 122.83
258.33 118.02
255.56 113.21
250.00 113.21
252.78 108.40
250.00 103.59
255.56 103.59
258.33 98.78
261.11 103.59
266.67 103.59
269.44 98.78
266.67 93.97
272.22 93.97
275.00 89.16
277.78 93.97
283.33 93.97
280.56 98.78
283.33 103.59
288.89 103.59
291.67 98.78
294.44 103.59
300.00 103.59
302.78 98.78
300.00 93.97
305.56 93.97
308.33 89.16
305.56 84.34
300.00 84.34
302.78 79.53
300.00 74.72
305.56 74.72
308.33 69.91
311.11 74.72
316.67 74.72
319.44 69.91
316.67 65.10
322.22 65.10
325.00 60.29
327.78 65.10
333.33 65.10
330.56 69.91
333.33 74.72
338.89 74.72
341.67 69.91
344.44 74.72
350.00 74.72
347.22 79.53
350.00 84.34
344.44 84.34
341.67 89.16
344.44 93.97
350.00 93.97
347.22 98.78
350.00 103.59
355.56 103.59
358.33 98.78
361.11 103.59
366.67 103.59
369.44 98.78
366.67 93.97
372.22 93.97
375.00 89.16
377.78 93.97
383.33 93.97
380.56 98.78
383.33 103.59
388.89 103.59
391.67 98.78
394.44 103.59
400.00 103.59
397.22 108.40
400.00 113.21
394.44 113.21
391.67 118.02
394.44 122.83
400.00 122.83
397.22 127.65
400.00 132.46
394.44 132.46
391.67 137.27
388.89 132.46
383.33 132.46
380.56 137.27
383.33 142.08
377.78 142.08
375.00 146.89
377.78 151.70
383.33 151.70
380.56 156.51
383.33 161.32
388.89 161.32
391.67 156.51
394.44 161.32
400.00 161.32
397.22 166.14
400.00 170.95
394.44 170.95
391.67 175.76
394.44 180.57
400.00 180.57
397.22 185.38
400.00 190.19
405.56 190.19
408.33 185.38
411.11 190.19
416.67 190.19
419.44 185.38
416.67 180.57
422.22 180.57
425.00 175.76
427.78 180.57
433.33 180.57
430.56 185.38
433.33 190.19
438.89 190.19
441.67 185.38
444.44 190.19
450.00 190.19
452.78 185.38
450.00 180.57
455.56 180.57
458.33 175.76
455.56 170.95
450.00 170.95
452.78 166.14
450.00 161.32
455.56 161.32
458.33 156.51
461.11 161.32
466.67 161.32
469.44 156.51
466.67 151.70
472.22 151.70
475.00 146.89
477.78 151.70
483.33 151.70
480.56 156.51
483.33 161.32
488.89 161.32
491.67 156.51
494.44 161.32
500.00 161.32
497.22 166.14
500.00 170.95
494.44 170.95
491.67 175.76
494.44 180.57
500.00 180.57
497.22 185.38
500.00 190.19
505.56 190.19
508.33 185.38
511.11 190.19
516.67 190.19
519.44 185.38
516.67 180.57
522.22 180.57
525.00 175.76
527.78 180.57
533.33 180.57
530.56 185.38
533.33 190.19
538.89 190.19
541.67 185.38
544.44 190.19
550.00 190.19
547.22 195.00
550.00 199.81
544.44 199.81
541.67 204.63
544.44 209.44
550.00 209.44
547.22 214.25
550.00 219.06
544.44 219.06
541.67 223.87
538.89 219.06
533.33 219.06
530.56 223.87
533.33 228.68
527.78 228.68
525.00 233.49
527.78 238.30
533.33 238.30
530.56 243.12
533.33 247.93
538.89 247.93
541.67 243.12
544.44 247.93
550.00 247.93
547.22 252.74
550.00 257.55
544.44 257.55
541.67 262.36
544.44 267.17
550.00 267.17
547.22 271.98
550.00 276.79
544.44 276.79
541.67 281.61
538.89 276.79
533.33 276.79
530.56 281.61
533.33 286.42
527.78 286.42
525.00 291.23
522.22 286.42
516.67 286.42
519.44 281.61
516.67 276.79
511.11 276.79
508.33 281.61
505.56 276.79
500.00 276.79
497.22 281.61
500.00 286.42
494.44 286.42
491.67 291.23
494.44 296.04
500.00 296.04
497.22 300.85
500.00 305.66
494.44 305.66
491.67 310.47
488.89 305.66
483.33 305.66
480.56 310.47
483.33 315.28
477.78 315.28
475.00 320.10
477.78 324.91
483.33 324.91
480.56 329.72
483.33 334.53
488.89 334.53
491.67 329.72
494.44 334.53
500.00 334.53
497.22 339.34
500.00 344.15
494.44 344.15
491.67 348.96
494.44 353.77
500.00 353.77
497.22 358.59
500.00 363.40
505.56 363.40
508.33 358.59
511.11 363.40
516.67 363.40
519.44 358.59
516.67 353.77
522.22 353.77
525.00 348.96
527.78 353.77
533.33 353.77
530.56 358.59
533.33 363.40
538.89 363.40
541.67 358.59
544.44 363.40
550.00 363.40
547.22 368.21
550.00 373.02
544.44 373.02
541.67 377.83
544.44 382.64
550.00 382.64
547.22 387.45
550.00 392.26
544.44 392.26
541.67 397.08
538.89 392.26
533.33 392.26
530.56 397.08
533.33 401.89
527.78 401.89
525.00 406.70
527.78 411.51
533.33 411.51
530.56 416.32
533.33 421.13
538.89 421.13
541.67 416.32
544.44 421.13
550.00 421.13
547.22 425.94
550.00 430.75
544.44 430.75
541.67 435.57
544.44 440.38
550.00 440.38
547.22 445.19
550.00 450.00
544.44 450.00
541.67 454.81
538.89 450.00
533.33 450.00
530.56 454.81
533.33 459.62
527.78 459.62
525.00 464.43
522.22 459.62
516.67 459.62
519.44 454.81
516.67 450.00
511.11 450.00
508.33 454.81
505.56 450.00
500.00 450.00
497.22 454.81
500.00 459.62
494.44 459.62
491.67 464.43
494.44 469.25
500.00 469.25
497.22 474.06
500.00 478.87
494.44 478.87
491.67 483.68
488.89 478.87
483.33 478.87
480.56 483.68
483.33 488.49
477.78 488.49
475.00 493.30
472.22 488.49
466.67 488.49
469.44 483.68
466.67 478.87
461.11 478.87
458.33 483.68
455.56 478.87
450.00 478.87
452.78 474.06
450.00 469.25
455.56 469.25
458.33 464.43
455.56 459.62
450.00 459.62
452.78 454.81
450.00 450.00
444.44 450.00
441.67 454.81
438.89 450.00
433.33 450.00
430.56 454.81
433.33 459.62
427.78 459.62
425.00 464.43
422.22 459.62
416.67 459.62
419.44 454.81
416.67 450.00
411.11 450.00
408.33 454.81
405.56 450.00
400.00 450.00
397.22 454.81
400.00 459.62
394.44 459.62
391.67 464.43
394.44 469.25
400.00 469.25
397.22 474.06
400.00 478.87
394.44 478.87
391.67 483.68
388.89 478.87
383.33 478.87
380.56 483.68
383.33 488.49
377.78 488.49
375.00 493.30
377.78 498.11
383.33 498.11
380.56 502.92
383.33 507.74
388.89 507.74
391.67 502.92
394.44 507.74
400.00 507.74
397.22 512.55
400.00 517.36
394.44 517.36
391.67 522.17
394.44 526.98
400.00 526.98
397.22 531.79
400.00 536.60
394.44 536.60
391.67 541.41
388.89 536.60
383.33 536.60
380.56 541.41
383.33 546.23
377.78 546.23
375.00 551.04
372.22 546.23
366.67 546.23
369.44 541.41
366.67 536.60
361.11 536.60
358.33 541.41
355.56 536.60
350.00 536.60
347.22 541.41
350.00 546.23
344.44 546.23
341.67 551.04
344.44 555.85
350.00 555.85
347.22 560.66
350.00 565.47
344.44 565.47
341.67 570.28
338.89 565.47
333.33 565.47
330.56 570.28
333.33 575.09
327.78 575.09
325.00 579.90
322.22 575.09
316.67 575.09
319.44 570.28
316.67 565.47
311.11 565.47
308.33 570.28
305.56 565.47
300.00 565.47
302.78 560.66
300.00 555.85
305.56 555.85
308.33 551.04
305.56 546.23
300.00 546.23
302.78 541.41
300.00 536.60
294.44 536.60
291.67 541.41
288.89 536.60
283.33 536.60
280.56 541.41
283.33 546.23
277.78 546.23
275.00 551.04
272.22 546.23
266.67 546.23
269.44 541.41
266.67 536.60
261.11 536.60
258.33 541.41
255.56 536.60
250.00 536.60
252.78 531.79
250.00 526.98
255.56 526.98
258.33 522.17
255.56 517.36
250.00 517.36
252.78 512.55
250.00 507.74
255.56 507.74
258.33 502.92
261.11 507.74
266.67 507.74
269.44 502.92
266.67 498.11
272.22 498.11
275.00 493.30
272.22 488.49
266.67 488.49
269.44 483.68
266.67 478.87
261.11 478.87
258.33 483.68
255.56 478.87
250.00 478.87
252.78 474.06
250.00 469.25
255.56 469.25
258.33 464.43
255.56 459.62
250.00 459.62
252.78 454.81
250.00 450.00
244.44 450.00
241.67 454.81
238.89 450.00
233.33 450.00
230.56 454.81
233.33 459.62
227.78 459.62
225.00 464.43
222.22 459.62
216.67 459.62
219.44 454.81
216.67 450.00
211.11 450.00
208.33 454.81
205.56 450.00
200.00 450.00
197.22 454.81
200.00 459.62
194.44 459.62
191.67 464.43
194.44 469.25
200.00 469.25
197.22 474.06
200.00 478.87
194.44 478.87
191.67 483.68
188.89 478.87
183.33 478.87
180.56 483.68
183.33 488.49
177.78 488.49
175.00 493.30
172.22 488.49
166.67 488.49
169.44 483.68
166.67 478.87
161.11 478.87
158.33 483.68
155.56 478.87
150.00 478.87
152.78 474.06
150.00 469.25
155.56 469.25
158.33 464.43
155.56 459.62
150.00 459.62
152.78 454.81
150.00 450.00
144.44 450.00
141.67 454.81
138.89 450.00
133.33 450.00
130.56 454.81
133.33 459.62
127.78 459.62
125.00 464.43
122.22 459.62
116.67 459.62
119.44 454.81
116.67 450.00
111.11 450.00
108.33 454.81
105.56 450.00
