100.00 300.00
116.67 271.13
100.00 242.26
133.33 242.26
150.00 213.40
133.33 184.53
100.00 184.53
116.67 155.66
100.00 126.79
133.33 126.79
150.00 97.93
166.67 126.79
200.00 126.79
216.67 97.93
200.00 69.06
233.33 69.06
250.00 40.19
266.67 69.06
300.00 69.06
283.33 97.93
300.00 126.79
333.33 126.79
350.00 97.93
366.67 126.79
400.00 126.79
383.33 155.66
400.00 184.53
366.67 184.53
350.00 213.40
366.67 242.26
400.00 242.26
383.33 271.13
400.00 300.00
366.67 300.00
350.00 328.87
333.33 300.00
300.00 300.00
283.33 328.87
300.00 357.74
266.67 357.74
250.00 386.60
233.33 357.74
200.00 357.74
216.67 328.87
200.00 300.00
166.67 300.00
150.00 328.87
133.33 300.00
