100.00 100.00
122.22 61.51
100.00 23.02
144.44 23.02
166.67 -15.47
144.44 -53.96
100.00 -53.96
122.22 -92.45
100.00 -130.94
144.44 -130.94
166.67 -169.43
188.89 -130.94
233.33 -130.94
255.56 -169.43
233.33 -207.92
277.78 -207.92
300.00 -246.41
322.22 -207.92
366.67 -207.92
344.44 -169.43
366.67 -130.94
411.11 -130.94
433.33 -169.43
455.56 -130.94
500.00 -130.94
477.78 -92.45
500.00 -53.96
455.56 -53.96
433.33 -15.47
455.56 23.02
500.00 23.02
477.78 61.51
500.00 100.00
455.56 100.00
433.33 138.49
411.11 100.00
366.67 100.00
344.44 138.49
366.67 176.98
322.22 176.98
300.00 215.47
277.78 176.98
233.33 176.98
255.56 138.49
233.33 100.00
188.89 100.00
166.67 138.49
144.44 100.00
