100.00 100.00
100.21 99.64
100.00 99.29
100.41 99.29
100.62 98.93
100.41 98.57
100.00 98.57
100.21 98.22
100.00 97.86
100.41 97.86
100.62 97.51
100.82 97.86
101.23 97.86
101.44 97.51
101.23 97.15
101.65 97.15
101.85 96.79
101.65 96.44
101.23 96.44
101.44 96.08
101.23 95.72
100.82 95.72
100.62 96.08
100.41 95.72
100.00 95.72
100.21 95.37
100.00 95.01
100.41 95.01
100.62 94.65
100.41 94.30
100.00 94.30
100.21 93.94
100.00 93.58
100.41 93.58
100.62 93.23
100.82 93.58
101.23 93.58
101.44 93.23
101.23 92.87
101.65 92.87
101.85 92.52
102.06 92.87
102.47 92.87
102.26 93.23
102.47 93.58
102.88 93.58
103.09 93.23
103.29 93.58
103.70 93.58
103.91 93.23
103.70 92.87
104.12 92.87
104.32 92.52
104.12 92.16
103.70 92.16
103.91 91.80
103.70 91.45
104.12 91.45
104.32 91.09
104.53 91.45
104.94 91.45
105.14 91.09
104.94 90.73
105.35 90.73
105.56 90.38
105.35 90.02
104.94 90.02
105.14 89.66
104.94 89.31
104.53 89.31
104.32 89.66
104.12 89.31
103.70 89.31
103.91 88.95
103.70 88.60
104.12 88.60
104.32 88.24
104.12 87.88
103.70 87.88
103.91 87.53
103.70 87.17
103.29 87.17
103.09 87.53
102.88 87.17
102.47 87.17
102.26 87.53
102.47 87.88
102.06 87.88
101.85 88.24
101.65 87.88
101.23 87.88
101.44 87.53
101.23 87.17
100.82 87.17
100.62 87.53
100.41 87.17
100.00 87.17
100.21 86.81
100.00 86.46
100.41 86.46
100.62 86.10
100.41 85.74
100.00 85.74
100.21 85.39
100.00 85.03
100.41 85.03
100.62 84.68
100.82 85.03
101.23 85.03
101.44 84.68
101.23 84.32
101.65 84.32
101.85 83.96
101.65 83.61
101.23 83.61
101.44 83.25
101.23 82.89
100.82 82.89
100.62 83.25
100.41 82.89
100.00 82.89
100.21 82.54
100.00 82.18
100.41 82.18
100.62 81.82
100.41 81.47
100.00 81.47
100.21 81.11
100.00 80.75
100.41 80.75
100.62 80.40
100.82 80.75
101.23 80.75
101.44 80.40
101.23 80.04
101.65 80.04
101.85 79.69
102.06 80.04
102.47 80.04
102.26 80.40
102.47 80.75
102.88 80.75
103.09 80.40
103.29 80.75
103.70 80.75
103.91 80.40
103.70 80.04
104.12 80.04
104.32 79.69
104.12 79.33
103.70 79.33
103.91 78.97
103.70 78.62
104.12 78.62
104.32 78.26
104.53 78.62
104.94 78.62
105.14 78.26
104.94 77.90
105.35 77.90
105.56 77.55
105.76 77.90
106.17 77.90
105.97 78.26
106.17 78.62
106.58 78.62
106.79 78.26
107.00 78.62
107.41 78.62
107.20 78.97
107.41 79.33
107.00 79.33
106.79 79.69
107.00 80.04
107.41 80.04
107.20 80.40
107.41 80.75
107.82 80.75
108.02 80.40
108.23 80.75
108.64 80.75
108.85 80.40
108.64 80.04
109.05 80.04
109.26 79.69
109.47 80.04
109.88 80.04
109.67 80.40
109.88 80.75
110.29 80.75
110.49 80.40
110.70 80.75
111.11 80.75
111.32 80.40
111.11 80.04
111.52 80.04
111.73 79.69
111.52 79.33
111.11 79.33
111.32 78.97
111.11 78.62
111.52 78.62
111.73 78.26
111.93 78.62
112.35 78.62
112.55 78.26
112.35 77.90
112.76 77.90
112.96 77.55
112.76 77.19
112.35 77.19
112.55 76.83
112.35 76.48
111.93 76.48
111.73 76.83
111.52 76.48
111.11 76.48
111.32 76.12
111.11 75.77
111.52 75.77
111.73 75.41
111.52 75.05
111.11 75.05
111.32 74.70
111.11 74.34
111.52 74.34
111.73 73.98
111.93 74.34
112.35 74.34
112.55 73.98
112.35 73.63
112.76 73.63
112.96 73.27
113.17 73.63
113.58 73.63
113.37 73.98
113.58 74.34
113.99 74.34
114.20 73.98
114.40 74.34
114.81 74.34
115.02 73.98
114.81 73.63
115.23 73.63
115.43 73.27
115.23 72.91
114.81 72.91
115.02 72.56
114.81 72.20
115.23 72.20
115.43 71.85
115.64 72.20
116.05 72.20
116.26 71.85
116.05 71.49
116.46 71.49
116.67 71.13
116.46 70.78
116.05 70.78
116.26 70.42
116.05 70.06
115.64 70.06
115.43 70.42
115.23 70.06
114.81 70.06
115.02 69.71
114.81 69.35
115.23 69.35
115.43 68.99
115.23 68.64
114.81 68.64
115.02 68.28
114.81 67.92
114.40 67.92
114.20 68.28
113.99 67.92
113.58 67.92
113.37 68.28
113.58 68.64
113.17 68.64
112.96 68.99
112.76 68.64
112.35 68.64
112.55 68.28
112.35 67.92
111.93 67.92
111.73 68.28
111.52 67.92
111.11 67.92
111.32 67.57
111.11 67.21
111.52 67.21
111.73 66.86
111.52 66.50
111.11 66.50
111.32 66.14
111.11 65.79
111.52 65.79
111.73 65.43
111.93 65.79
112.35 65.79
112.55 65.43
112.35 65.07
112.76 65.07
112.96 64.72
112.76 64.36
112.35 64.36
112.55 64.00
112.35 63.65
111.93 63.65
111.73 64.00
111.52 63.65
111.11 63.65
111.32 63.29
111.11 62.94
111.52 62.94
111.73 62.58
111.52 62.22
111.11 62.22
111.32 61.87
111.11 61.51
110.70 61.51
110.49 61.87
110.29 61.51
109.88 61.51
109.67 61.87
109.88 62.22
109.47 62.22
109.26 62.58
109.05 62.22
108.64 62.22
108.85 61.87
108.64 61.51
108.23 61.51
108.02 61.87
107.82 61.51
107.41 61.51
107.20 61.87
107.41 62.22
107.00 62.22
106.79 62.58
107.00 62.94
107.41 62.94
107.20 63.29
107.41 63.65
107.00 63.65
106.79 64.00
106.58 63.65
106.17 63.65
105.97 64.00
106.17 64.36
105.76 64.36
105.56 64.72
105.35 64.36
104.94 64.36
105.14 64.00
104.94 63.65
104.53 63.65
104.32 64.00
104.12 63.65
103.70 63.65
103.91 63.29
103.70 62.94
104.12 62.94
104.32 62.58
104.12 62.22
103.70 62.22
103.91 61.87
103.70 61.51
103.29 61.51
103.09 61.87
102.88 61.51
102.47 61.51
102.26 61.87
102.47 62.22
102.06 62.22
101.85 62.58
101.65 62.22
101.23 62.22
101.44 61.87
101.23 61.51
100.82 61.51
100.62 61.87
100.41 61.51
100.00 61.51
100.21 61.15
100.00 60.80
100.41 60.80
100.62 60.44
100.41 60.08
100.00 60.08
100.21 59.73
100.00 59.37
100.41 59.37
100.62 59.02
100.82 59.37
101.23 59.37
101.44 59.02
101.23 58.66
101.65 58.66
101.85 58.30
101.65 57.95
101.23 57.95
101.44 57.59
101.23 57.23
100.82 57.23
100.62 57.59
100.41 57.23
100.00 57.23
100.21 56.88
100.00 56.52
100.41 56.52
100.62 56.16
100.41 55.81
100.00 55.81
100.21 55.45
100.00 55.09
100.41 55.09
100.62 54.74
100.82 55.09
101.23 55.09
101.44 54.74
101.23 54.38
101.65 54.38
101.85 54.03
102.06 54.38
102.47 54.38
102.26 54.74
102.47 55.09
102.88 55.09
103.09 54.74
103.29 55.09
103.70 55.09
103.91 54.74
103.70 54.38
104.12 54.38
104.32 54.03
104.12 53.67
103.70 53.67
103.91 53.31
103.70 52.96
104.12 52.96
104.32 52.60
104.53 52.96
104.94 52.96
105.14 52.60
104.94 52.24
105.35 52.24
105.56 51.89
105.35 51.53
104.94 51.53
105.14 51.17
104.94 50.82
104.53 50.82
104.32 51.17
104.12 50.82
103.70 50.82
103.91 50.46
103.70 50.11
104.12 50.11
104.32 49.75
104.12 49.39
103.70 49.39
103.91 49.04
103.70 48.68
103.29 48.68
103.09 49.04
102.88 48.68
102.47 48.68
102.26 49.04
102.47 49.39
102.06 49.39
101.85 49.75
101.65 49.39
101.23 49.39
101.44 49.04
101.23 48.68
100.82 48.68
100.62 49.04
100.41 48.68
100.00 48.68
100.21 48.32
100.00 47.97
100.41 47.97
100.62 47.61
100.41 47.25
100.00 47.25
100.21 46.90
100.00 46.54
100.41 46.54
100.62 46.19
100.82 46.54
101.23 46.54
101.44 46.19
101.23 45.83
101.65 45.83
101.85 45.47
101.65 45.12
101.23 45.12
101.44 44.76
101.23 44.40
100.82 44.40
100.62 44.76
100.41 44.40
100.00 44.40
100.21 44.05
100.00 43.69
100.41 43.69
100.62 43.33
100.41 42.98
100.00 42.98
100.21 42.62
100.00 42.26
100.41 42.26
100.62 41.91
100.82 42.26
101.23 42.26
101.44 41.91
101.23 41.55
101.65 41.55
101.85 41.20
102.06 41.55
102.47 41.55
102.26 41.91
102.47 42.26
102.88 42.26
103.09 41.91
103.29 42.26
103.70 42.26
103.91 41.91
103.70 41.55
104.12 41.55
104.32 41.20
104.12 40.84
103.70 40.84
103.91 40.48
103.70 40.13
104.12 40.13
104.32 39.77
104.53 40.13
104.94 40.13
105.14 39.77
104.94 39.41
105.35 39.41
105.56 39.06
105.76 39.41
106.17 39.41
105.97 39.77
106.17 40.13
106.58 40.13
106.79 39.77
107.00 40.13
107.41 40.13
107.20 40.48
107.41 40.84
107.00 40.84
106.79 41.20
107.00 41.55
107.41 41.55
107.20 41.91
107.41 42.26
107.82 42.26
108.02 41.91
108.23 42.26
108.64 42.26
108.85 41.91
108.64 41.55
109.05 41.55
109.26 41.20
109.47 41.55
109.88 41.55
109.67 41.91
109.88 42.26
110.29 42.26
110.49 41.91
110.70 42.26
111.11 42.26
111.32 41.91
111.11 41.55
111.52 41.55
111.73 41.20
111.52 40.84
111.11 40.84
111.32 40.48
111.11 40.13
111.52 40.13
111.73 39.77
111.93 40.13
112.35 40.13
112.55 39.77
112.35 39.41
112.76 39.41
112.96 39.06
112.76 38.70
112.35 38.70
112.55 38.34
112.35 37.99
111.93 37.99
111.73 38.34
111.52 37.99
111.11 37.99
111.32 37.63
111.11 37.28
111.52 37.28
111.73 36.92
111.52 36.56
111.11 36.56
111.32 36.21
111.11 35.85
111.52 35.85
111.73 35.49
111.93 35.85
112.35 35.85
112.55 35.49
112.35 35.14
112.76 35.14
112.96 34.78
113.17 35.14
113.58 35.14
113.37 35.49
113.58 35.85
113.99 35.85
114.20 35.49
114.40 35.85
114.81 35.85
115.02 35.49
114.81 35.14
115.23 35.14
115.43 34.78
115.23 34.42
114.81 34.42
115.02 34.07
114.81 33.71
115.23 33.71
115.43 33.36
115.64 33.71
116.05 33.71
116.26 33.36
116.05 33.00
116.46 33.00
116.67 32.64
116.87 33.00
117.28 33.00
117.08 33.36
117.28 33.71
117.70 33.71
117.90 33.36
118.11 33.71
118.52 33.71
118.31 34.07
118.52 34.42
118.11 34.42
117.90 34.78
118.11 35.14
118.52 35.14
118.31 35.49
118.52 35.85
118.93 35.85
119.14 35.49
119.34 35.85
119.75 35.85
119.96 35.49
119.75 35.14
120.16 35.14
120.37 34.78
120.58 35.14
120.99 35.14
120.78 35.49
120.99 35.85
121.40 35.85
121.60 35.49
121.81 35.85
122.22 35.85
122.02 36.21
122.22 36.56
121.81 36.56
121.60 36.92
121.81 37.28
122.22 37.28
122.02 37.63
122.22 37.99
121.81 37.99
121.60 38.34
121.40 37.99
120.99 37.99
120.78 38.34
120.99 38.70
120.58 38.70
120.37 39.06
120.58 39.41
120.99 39.41
120.78 39.77
120.99 40.13
121.40 40.13
121.60 39.77
121.81 40.13
122.22 40.13
122.02 40.48
122.22 40.84
121.81 40.84
121.60 41.20
121.81 41.55
122.22 41.55
122.02 41.91
122.22 42.26
122.63 42.26
122.84 41.91
123.05 42.26
123.46 42.26
123.66 41.91
123.46 41.55
123.87 41.55
124.07 41.20
124.28 41.55
124.69 41.55
124.49 41.91
124.69 42.26
125.10 42.26
125.31 41.91
125.51 42.26
125.93 42.26
126.13 41.91
125.93 41.55
126.34 41.55
126.54 41.20
126.34 40.84
125.93 40.84
126.13 40.48
125.93 40.13
126.34 40.13
126.54 39.77
126.75 40.13
127.16 40.13
127.37 39.77
127.16 39.41
127.57 39.41
127.78 39.06
127.98 39.41
128.40 39.41
128.19 39.77
128.40 40.13
128.81 40.13
129.01 39.77
129.22 40.13
129.63 40.13
129.42 40.48
129.63 40.84
129.22 40.84
129.01 41.20
129.22 41.55
129.63 41.55
129.42 41.91
129.63 42.26
130.04 42.26
130.25 41.91
130.45 42.26
130.86 42.26
131.07 41.91
130.86 41.55
131.28 41.55
131.48 41.20
131.69 41.55
132.10 41.55
131.89 41.91
132.10 42.26
132.51 42.26
132.72 41.91
132.92 42.26
133.33 42.26
133.54 41.91
133.33 41.55
133.74 41.55
133.95 41.20
133.74 40.84
133.33 40.84
133.54 40.48
133.33 40.13
133.74 40.13
133.95 39.77
134.16 40.13
134.57 40.13
134.77 39.77
134.57 39.41
134.98 39.41
135.19 39.06
134.98 38.70
134.57 38.70
134.77 38.34
134.57 37.99
134.16 37.99
133.95 38.34
133.74 37.99
133.33 37.99
133.54 37.63
133.33 37.28
133.74 37.28
133.95 36.92
133.74 36.56
133.33 36.56
133.54 36.21
133.33 35.85
133.74 35.85
133.95 35.49
134.16 35.85
134.57 35.85
134.77 35.49
134.57 35.14
134.98 35.14
135.19 34.78
135.39 35.14
135.80 35.14
135.60 35.49
135.80 35.85
136.21 35.85
136.42 35.49
136.63 35.85
137.04 35.85
137.24 35.49
137.04 35.14
137.45 35.14
137.65 34.78
137.45 34.42
137.04 34.42
137.24 34.07
137.04 33.71
137.45 33.71
137.65 33.36
137.86 33.71
138.27 33.71
138.48 33.36
138.27 33.00
138.68 33.00
138.89 32.64
138.68 32.29
138.27 32.29
138.48 31.93
138.27 31.57
137.86 31.57
137.65 31.93
137.45 31.57
137.04 31.57
137.24 31.22
137.04 30.86
137.45 30.86
137.65 30.50
137.45 30.15
137.04 30.15
137.24 29.79
137.04 29.43
136.63 29.43
136.42 29.79
136.21 29.43
135.80 29.43
135.60 29.79
135.80 30.15
135.39 30.15
135.19 30.50
134.98 30.15
134.57 30.15
134.77 29.79
134.57 29.43
134.16 29.43
133.95 29.79
133.74 29.43
133.33 29.43
133.54 29.08
133.33 28.72
133.74 28.72
133.95 28.37
133.74 28.01
133.33 28.01
133.54 27.65
133.33 27.30
133.74 27.30
133.95 26.94
134.16 27.30
134.57 27.30
134.77 26.94
134.57 26.58
134.98 26.58
135.19 26.23
134.98 25.87
134.57 25.87
134.77 25.51
134.57 25.16
134.16 25.16
133.95 25.51
133.74 25.16
133.33 25.16
133.54 24.80
133.33 24.45
133.74 24.45
133.95 24.09
133.74 23.73
133.33 23.73
133.54 23.38
133.33 23.02
133.74 23.02
133.95 22.66
134.16 23.02
134.57 23.02
134.77 22.66
134.57 22.31
134.98 22.31
135.19 21.95
135.39 22.31
135.80 22.31
135.60 22.66
135.80 23.02
136.21 23.02
136.42 22.66
136.63 23.02
137.04 23.02
137.24 22.66
137.04 22.31
137.45 22.31
137.65 21.95
137.45 21.59
137.04 21.59
137.24 21.24
137.04 20.88
137.45 20.88
137.65 20.53
137.86 20.88
138.27 20.88
138.48 20.53
138.27 20.17
138.68 20.17
138.89 19.81
139.09 20.17
139.51 20.17
139.30 20.53
139.51 20.88
139.92 20.88
140.12 20.53
140.33 20.88
140.74 20.88
140.53 21.24
140.74 21.59
140.33 21.59
140.12 21.95
140.33 22.31
140.74 22.31
140.53 22.66
140.74 23.02
141.15 23.02
141.36 22.66
141.56 23.02
141.98 23.02
142.18 22.66
141.98 22.31
142.39 22.31
142.59 21.95
142.80 22.31
143.21 22.31
143.00 22.66
143.21 23.02
143.62 23.02
143.83 22.66
144.03 23.02
144.44 23.02
144.65 22.66
144.44 22.31
144.86 22.31
145.06 21.95
144.86 21.59
144.44 21.59
144.65 21.24
144.44 20.88
144.86 20.88
145.06 20.53
145.27 20.88
145.68 20.88
145.88 20.53
145.68 20.17
146.09 20.17
146.30 19.81
146.09 19.46
145.68 19.46
145.88 19.10
145.68 18.74
145.27 18.74
145.06 19.10
144.86 18.74
144.44 18.74
144.65 18.39
144.44 18.03
144.86 18.03
145.06 17.67
144.86 17.32
144.44 17.32
144.65 16.96
144.44 16.60
144.86 16.60
145.06 16.25
145.27 16.60
145.68 16.60
145.88 16.25
145.68 15.89
146.09 15.89
146.30 15.54
146.50 15.89
146.91 15.89
146.71 16.25
146.91 16.60
147.33 16.60
147.53 16.25
147.74 16.60
148.15 16.60
148.35 16.25
148.15 15.89
148.56 15.89
148.77 15.54
148.56 15.18
148.15 15.18
148.35 14.82
148.15 14.47
148.56 14.47
148.77 14.11
148.97 14.47
149.38 14.47
149.59 14.11
149.38 13.75
149.79 13.75
150.00 13.40
150.21 13.75
150.62 13.75
150.41 14.11
150.62 14.47
151.03 14.47
151.23 14.11
151.44 14.47
151.85 14.47
151.65 14.82
151.85 15.18
151.44 15.18
151.23 15.54
151.44 15.89
151.85 15.89
151.65 16.25
151.85 16.60
152.26 16.60
152.47 16.25
152.67 16.60
153.09 16.60
153.29 16.25
153.09 15.89
153.50 15.89
153.70 15.54
153.91 15.89
154.32 15.89
154.12 16.25
154.32 16.60
154.73 16.60
154.94 16.25
155.14 16.60
155.56 16.60
155.35 16.96
155.56 17.32
155.14 17.32
154.94 17.67
155.14 18.03
155.56 18.03
155.35 18.39
155.56 18.74
155.14 18.74
154.94 19.10
154.73 18.74
154.32 18.74
154.12 19.10
154.32 19.46
153.91 19.46
153.70 19.81
153.91 20.17
154.32 20.17
154.12 20.53
154.32 20.88
154.73 20.88
154.94 20.53
155.14 20.88
155.56 20.88
155.35 21.24
155.56 21.59
155.14 21.59
154.94 21.95
155.14 22.31
155.56 22.31
155.35 22.66
155.56 23.02
155.97 23.02
156.17 22.66
156.38 23.02
156.79 23.02
157.00 22.66
156.79 22.31
157.20 22.31
157.41 21.95
157.61 22.31
158.02 22.31
157.82 22.66
158.02 23.02
158.44 23.02
158.64 22.66
158.85 23.02
159.26 23.02
159.47 22.66
159.26 22.31
159.67 22.31
159.88 21.95
159.67 21.59
159.26 21.59
159.47 21.24
159.26 20.88
159.67 20.88
159.88 20.53
160.08 20.88
160.49 20.88
160.70 20.53
160.49 20.17
160.91 20.17
161.11 19.81
161.32 20.17
161.73 20.17
161.52 20.53
161.73 20.88
162.14 20.88
162.35 20.53
162.55 20.88
162.96 20.88
162.76 21.24
162.96 21.59
162.55 21.59
162.35 21.95
162.55 22.31
162.96 22.31
162.76 22.66
162.96 23.02
163.37 23.02
163.58 22.66
163.79 23.02
164.20 23.02
164.40 22.66
164.20 22.31
164.61 22.31
164.81 21.95
165.02 22.31
165.43 22.31
165.23 22.66
165.43 23.02
165.84 23.02
166.05 22.66
166.26 23.02
166.67 23.02
166.46 23.38
166.67 23.73
166.26 23.73
166.05 24.09
166.26 24.45
166.67 24.45
166.46 24.80
166.67 25.16
166.26 25.16
166.05 25.51
165.84 25.16
165.43 25.16
165.23 25.51
165.43 25.87
165.02 25.87
164.81 26.23
165.02 26.58
165.43 26.58
165.23 26.94
165.43 27.30
165.84 27.30
166.05 26.94
166.26 27.30
166.67 27.30
166.46 27.65
166.67 28.01
166.26 28.01
166.05 28.37
166.26 28.72
166.67 28.72
166.46 29.08
166.67 29.43
166.26 29.43
166.05 29.79
165.84 29.43
165.43 29.43
165.23 29.79
165.43 30.15
165.02 30.15
164.81 30.50
164.61 30.15
164.20 30.15
164.40 29.79
164.20 29.43
163.79 29.43
163.58 29.79
163.37 29.43
162.96 29.43
162.76 29.79
162.96 30.15
162.55 30.15
162.35 30.50
162.55 30.86
162.96 30.86
162.76 31.22
162.96 31.57
162.55 31.57
162.35 31.93
162.14 31.57
161.73 31.57
161.52 31.93
161.73 32.29
161.32 32.29
161.11 32.64
161.32 33.00
161.73 33.00
161.52 33.36
161.73 33.71
162.14 33.71
162.35 33.36
162.55 33.71
162.96 33.71
162.76 34.07
162.96 34.42
162.55 34.42
162.35 34.78
162.55 35.14
162.96 35.14
162.76 35.49
162.96 35.85
163.37 35.85
163.58 35.49
163.79 35.85
164.20 35.85
164.40 35.49
164.20 35.14
164.61 35.14
164.81 34.78
165.02 35.14
165.43 35.14
165.23 35.49
165.43 35.85
165.84 35.85
166.05 35.49
166.26 35.85
166.67 35.85
166.46 36.21
166.67 36.56
166.26 36.56
166.05 36.92
166.26 37.28
166.67 37.28
166.46 37.63
166.67 37.99
166.26 37.99
166.05 38.34
165.84 37.99
165.43 37.99
165.23 38.34
165.43 38.70
165.02 38.70
164.81 39.06
165.02 39.41
165.43 39.41
165.23 39.77
165.43 40.13
165.84 40.13
166.05 39.77
166.26 40.13
166.67 40.13
166.46 40.48
166.67 40.84
166.26 40.84
166.05 41.20
166.26 41.55
166.67 41.55
166.46 41.91
166.67 42.26
167.08 42.26
167.28 41.91
167.49 42.26
167.90 42.26
168.11 41.91
167.90 41.55
168.31 41.55
168.52 41.20
168.72 41.55
169.14 41.55
168.93 41.91
169.14 42.26
169.55 42.26
169.75 41.91
169.96 42.26
170.37 42.26
170.58 41.91
170.37 41.55
170.78 41.55
170.99 41.20
170.78 40.84
170.37 40.84
170.58 40.48
170.37 40.13
170.78 40.13
170.99 39.77
171.19 40.13
171.60 40.13
171.81 39.77
171.60 39.41
172.02 39.41
172.22 39.06
172.43 39.41
172.84 39.41
172.63 39.77
172.84 40.13
173.25 40.13
173.46 39.77
173.66 40.13
174.07 40.13
173.87 40.48
174.07 40.84
173.66 40.84
173.46 41.20
173.66 41.55
174.07 41.55
173.87 41.91
174.07 42.26
174.49 42.26
174.69 41.91
174.90 42.26
175.31 42.26
175.51 41.91
175.31 41.55
175.72 41.55
175.93 41.20
176.13 41.55
176.54 41.55
176.34 41.91
176.54 42.26
176.95 42.26
177.16 41.91
177.37 42.26
177.78 42.26
177.98 41.91
177.78 41.55
178.19 41.55
178.40 41.20
178.19 40.84
177.78 40.84
177.98 40.48
177.78 40.13
178.19 40.13
178.40 39.77
178.60 40.13
179.01 40.13
179.22 39.77
179.01 39.41
179.42 39.41
179.63 39.06
179.42 38.70
179.01 38.70
179.22 38.34
179.01 37.99
178.60 37.99
178.40 38.34
178.19 37.99
177.78 37.99
177.98 37.63
177.78 37.28
178.19 37.28
178.40 36.92
178.19 36.56
177.78 36.56
177.98 36.21
177.78 35.85
178.19 35.85
178.40 35.49
178.60 35.85
179.01 35.85
179.22 35.49
179.01 35.14
179.42 35.14
179.63 34.78
179.84 35.14
180.25 35.14
180.04 35.49
180.25 35.85
180.66 35.85
180.86 35.49
181.07 35.85
181.48 35.85
181.69 35.49
181.48 35.14
181.89 35.14
182.10 34.78
181.89 34.42
181.48 34.42
181.69 34.07
181.48 33.71
181.89 33.71
182.10 33.36
182.30 33.71
182.72 33.71
182.92 33.36
182.72 33.00
183.13 33.00
183.33 32.64
183.54 33.00
183.95 33.00
183.74 33.36
183.95 33.71
184.36 33.71
184.57 33.36
184.77 33.71
185.19 33.71
184.98 34.07
185.19 34.42
184.77 34.42
184.57 34.78
184.77 35.14
185.19 35.14
184.98 35.49
185.19 35.85
185.60 35.85
185.80 35.49
186.01 35.85
186.42 35.85
186.63 35.49
186.42 35.14
186.83 35.14
187.04 34.78
187.24 35.14
187.65 35.14
187.45 35.49
187.65 35.85
188.07 35.85
188.27 35.49
188.48 35.85
188.89 35.85
188.68 36.21
188.89 36.56
188.48 36.56
188.27 36.92
188.48 37.28
188.89 37.28
188.68 37.63
188.89 37.99
188.48 37.99
188.27 38.34
188.07 37.99
187.65 37.99
187.45 38.34
187.65 38.70
187.24 38.70
187.04 39.06
187.24 39.41
187.65 39.41
187.45 39.77
187.65 40.13
188.07 40.13
188.27 39.77
188.48 40.13
188.89 40.13
188.68 40.48
188.89 40.84
188.48 40.84
188.27 41.20
188.48 41.55
188.89 41.55
188.68 41.91
188.89 42.26
189.30 42.26
189.51 41.91
189.71 42.26
190.12 42.26
190.33 41.91
190.12 41.55
190.53 41.55
190.74 41.20
190.95 41.55
191.36 41.55
191.15 41.91
191.36 42.26
191.77 42.26
191.98 41.91
192.18 42.26
192.59 42.26
192.80 41.91
192.59 41.55
193.00 41.55
193.21 41.20
193.00 40.84
192.59 40.84
192.80 40.48
192.59 40.13
193.00 40.13
193.21 39.77
193.42 40.13
193.83 40.13
194.03 39.77
193.83 39.41
194.24 39.41
194.44 39.06
194.65 39.41
195.06 39.41
194.86 39.77
195.06 40.13
195.47 40.13
195.68 39.77
195.88 40.13
196.30 40.13
196.09 40.48
196.30 40.84
195.88 40.84
195.68 41.20
195.88 41.55
196.30 41.55
196.09 41.91
196.30 42.26
196.71 42.26
196.91 41.91
197.12 42.26
197.53 42.26
197.74 41.91
197.53 41.55
197.94 41.55
198.15 41.20
198.35 41.55
198.77 41.55
198.56 41.91
198.77 42.26
199.18 42.26
199.38 41.91
199.59 42.26
200.00 42.26
199.79 42.62
200.00 42.98
199.59 42.98
199.38 43.33
199.59 43.69
200.00 43.69
199.79 44.05
200.00 44.40
199.59 44.40
199.38 44.76
199.18 44.40
198.77 44.40
198.56 44.76
198.77 45.12
198.35 45.12
198.15 45.47
198.35 45.83
198.77 45.83
198.56 46.19
198.77 46.54
199.18 46.54
199.38 46.19
199.59 46.54
200.00 46.54
199.79 46.90
200.00 47.25
199.59 47.25
199.38 47.61
199.59 47.97
200.00 47.97
199.79 48.32
200.00 48.68
199.59 48.68
199.38 49.04
199.18 48.68
198.77 48.68
198.56 49.04
198.77 49.39
198.35 49.39
198.15 49.75
197.94 49.39
197.53 49.39
197.74 49.04
197.53 48.68
197.12 48.68
196.91 49.04
196.71 48.68
196.30 48.68
196.09 49.04
196.30 49.39
195.88 49.39
195.68 49.75
195.88 50.11
196.30 50.11
196.09 50.46
196.30 50.82
195.88 50.82
195.68 51.17
195.47 50.82
195.06 50.82
194.86 51.17
195.06 51.53
194.65 51.53
194.44 51.89
194.65 52.24
195.06 52.24
194.86 52.60
195.06 52.96
195.47 52.96
195.68 52.60
195.88 52.96
196.30 52.96
196.09 53.31
196.30 53.67
195.88 53.67
195.68 54.03
195.88 54.38
196.30 54.38
196.09 54.74
196.30 55.09
196.71 55.09
196.91 54.74
197.12 55.09
197.53 55.09
197.74 54.74
197.53 54.38
197.94 54.38
198.15 54.03
198.35 54.38
198.77 54.38
198.56 54.74
198.77 55.09
199.18 55.09
199.38 54.74
199.59 55.09
200.00 55.09
199.79 55.45
200.00 55.81
199.59 55.81
199.38 56.16
199.59 56.52
200.00 56.52
199.79 56.88
200.00 57.23
199.59 57.23
199.38 57.59
199.18 57.23
198.77 57.23
198.56 57.59
198.77 57.95
198.35 57.95
198.15 58.30
198.35 58.66
198.77 58.66
198.56 59.02
198.77 59.37
199.18 59.37
199.38 59.02
199.59 59.37
200.00 59.37
199.79 59.73
200.00 60.08
199.59 60.08
199.38 60.44
199.59 60.80
200.00 60.80
199.79 61.15
200.00 61.51
199.59 61.51
199.38 61.87
199.18 61.51
198.77 61.51
198.56 61.87
198.77 62.22
198.35 62.22
198.15 62.58
197.94 62.22
197.53 62.22
197.74 61.87
197.53 61.51
197.12 61.51
196.91 61.87
196.71 61.51
196.30 61.51
196.09 61.87
196.30 62.22
195.88 62.22
195.68 62.58
195.88 62.94
196.30 62.94
196.09 63.29
196.30 63.65
195.88 63.65
195.68 64.00
195.47 63.65
195.06 63.65
194.86 64.00
195.06 64.36
194.65 64.36
194.44 64.72
194.24 64.36
193.83 64.36
194.03 64.00
193.83 63.65
193.42 63.65
193.21 64.00
193.00 63.65
192.59 63.65
192.80 63.29
192.59 62.94
193.00 62.94
193.21 62.58
193.00 62.22
192.59 62.22
192.80 61.87
192.59 61.51
192.18 61.51
191.98 61.87
191.77 61.51
191.36 61.51
191.15 61.87
191.36 62.22
190.95 62.22
190.74 62.58
190.53 62.22
190.12 62.22
190.33 61.87
190.12 61.51
189.71 61.51
189.51 61.87
189.30 61.51
188.89 61.51
188.68 61.87
188.89 62.22
188.48 62.22
188.27 62.58
188.48 62.94
188.89 62.94
188.68 63.29
188.89 63.65
188.48 63.65
188.27 64.00
188.07 63.65
187.65 63.65
187.45 64.00
187.65 64.36
187.24 64.36
187.04 64.72
187.24 65.07
187.65 65.07
187.45 65.43
187.65 65.79
188.07 65.79
188.27 65.43
188.48 65.79
188.89 65.79
188.68 66.14
188.89 66.50
188.48 66.50
188.27 66.86
188.48 67.21
188.89 67.21
188.68 67.57
188.89 67.92
188.48 67.92
188.27 68.28
188.07 67.92
187.65 67.92
187.45 68.28
187.65 68.64
187.24 68.64
187.04 68.99
186.83 68.64
186.42 68.64
186.63 68.28
186.42 67.92
186.01 67.92
185.80 68.28
185.60 67.92
185.19 67.92
184.98 68.28
185.19 68.64
184.77 68.64
184.57 68.99
184.77 69.35
185.19 69.35
184.98 69.71
185.19 70.06
184.77 70.06
184.57 70.42
184.36 70.06
183.95 70.06
183.74 70.42
183.95 70.78
183.54 70.78
183.33 71.13
183.54 71.49
183.95 71.49
183.74 71.85
183.95 72.20
184.36 72.20
184.57 71.85
184.77 72.20
185.19 72.20
184.98 72.56
185.19 72.91
184.77 72.91
184.57 73.27
184.77 73.63
185.19 73.63
184.98 73.98
185.19 74.34
185.60 74.34
185.80 73.98
186.01 74.34
186.42 74.34
186.63 73.98
186.42 73.63
186.83 73.63
187.04 73.27
187.24 73.63
187.65 73.63
187.45 73.98
187.65 74.34
188.07 74.34
188.27 73.98
188.48 74.34
188.89 74.34
188.68 74.70
188.89 75.05
188.48 75.05
188.27 75.41
188.48 75.77
188.89 75.77
188.68 76.12
188.89 76.48
188.48 76.48
188.27 76.83
188.07 76.48
187.65 76.48
187.45 76.83
187.65 77.19
187.24 77.19
187.04 77.55
187.24 77.90
187.65 77.90
187.45 78.26
187.65 78.62
188.07 78.62
188.27 78.26
188.48 78.62
188.89 78.62
188.68 78.97
188.89 79.33
188.48 79.33
188.27 79.69
188.48 80.04
188.89 80.04
188.68 80.40
188.89 80.75
189.30 80.75
189.51 80.40
189.71 80.75
190.12 80.75
190.33 80.40
190.12 80.04
190.53 80.04
190.74 79.69
190.95 80.04
191.36 80.04
191.15 80.40
191.36 80.75
191.77 80.75
191.98 80.40
192.18 80.75
192.59 80.75
192.80 80.40
192.59 80.04
193.00 80.04
193.21 79.69
193.00 79.33
192.59 79.33
192.80 78.97
192.59 78.62
193.00 78.62
193.21 78.26
193.42 78.62
193.83 78.62
194.03 78.26
193.83 77.90
194.24 77.90
194.44 77.55
194.65 77.90
195.06 77.90
194.86 78.26
195.06 78.62
195.47 78.62
195.68 78.26
195.88 78.62
196.30 78.62
196.09 78.97
196.30 79.33
195.88 79.33
195.68 79.69
195.88 80.04
196.30 80.04
196.09 80.40
196.30 80.75
196.71 80.75
196.91 80.40
197.12 80.75
197.53 80.75
197.74 80.40
197.53 80.04
197.94 80.04
198.15 79.69
198.35 80.04
198.77 80.04
198.56 80.40
198.77 80.75
199.18 80.75
199.38 80.40
199.59 80.75
200.00 80.75
199.79 81.11
200.00 81.47
199.59 81.47
199.38 81.82
199.59 82.18
200.00 82.18
199.79 82.54
200.00 82.89
199.59 82.89
199.38 83.25
199.18 82.89
198.77 82.89
198.56 83.25
198.77 83.61
198.35 83.61
198.15 83.96
198.35 84.32
198.77 84.32
198.56 84.68
198.77 85.03
199.18 85.03
199.38 84.68
199.59 85.03
200.00 85.03
199.79 85.39
200.00 85.74
199.59 85.74
199.38 86.10
199.59 86.46
200.00 86.46
199.79 86.81
200.00 87.17
199.59 87.17
199.38 87.53
199.18 87.17
198.77 87.17
198.56 87.53
198.77 87.88
198.35 87.88
198.15 88.24
197.94 87.88
197.53 87.88
197.74 87.53
197.53 87.17
197.12 87.17
196.91 87.53
196.71 87.17
196.30 87.17
196.09 87.53
196.30 87.88
195.88 87.88
195.68 88.24
195.88 88.60
196.30 88.60
196.09 88.95
196.30 89.31
195.88 89.31
195.68 89.66
195.47 89.31
195.06 89.31
194.86 89.66
195.06 90.02
194.65 90.02
194.44 90.38
194.65 90.73
195.06 90.73
194.86 91.09
195.06 91.45
195.47 91.45
195.68 91.09
195.88 91.45
196.30 91.45
196.09 91.80
196.30 92.16
195.88 92.16
195.68 92.52
195.88 92.87
196.30 92.87
196.09 93.23
196.30 93.58
196.71 93.58
196.91 93.23
197.12 93.58
197.53 93.58
197.74 93.23
197.53 92.87
197.94 92.87
198.15 92.52
198.35 92.87
198.77 92.87
198.56 93.23
198.77 93.58
199.18 93.58
199.38 93.23
199.59 93.58
200.00 93.58
199.79 93.94
200.00 94.30
199.59 94.30
199.38 94.65
199.59 95.01
200.00 95.01
199.79 95.37
200.00 95.72
199.59 95.72
199.38 96.08
199.18 95.72
198.77 95.72
198.56 96.08
198.77 96.44
198.35 96.44
198.15 96.79
198.35 97.15
198.77 97.15
198.56 97.51
198.77 97.86
199.18 97.86
199.38 97.51
199.59 97.86
200.00 97.86
199.79 98.22
200.00 98.57
199.59 98.57
199.38 98.93
199.59 99.29
200.00 99.29
199.79 99.64
200.00 100.00
199.59 100.00
199.38 100.36
199.18 100.00
198.77 100.00
198.56 100.36
198.77 100.71
198.35 100.71
198.15 101.07
197.94 100.71
197.53 100.71
197.74 100.36
197.53 100.00
197.12 100.00
196.91 100.36
196.71 100.00
196.30 100.00
196.09 100.36
196.30 100.71
195.88 100.71
195.68 101.07
195.88 101.43
196.30 101.43
196.09 101.78
196.30 102.14
195.88 102.14
195.68 102.49
195.47 102.14
195.06 102.14
194.86 102.49
195.06 102.85
194.65 102.85
194.44 103.21
194.24 102.85
193.83 102.85
194.03 102.49
193.83 102.14
193.42 102.14
193.21 102.49
193.00 102.14
192.59 102.14
192.80 101.78
192.59 101.43
193.00 101.43
193.21 101.07
193.00 100.71
192.59 100.71
192.80 100.36
192.59 100.00
192.18 100.00
191.98 100.36
191.77 100.00
191.36 100.00
191.15 100.36
191.36 100.71
190.95 100.71
190.74 101.07
190.53 100.71
190.12 100.71
190.33 100.36
190.12 100.00
189.71 100.00
189.51 100.36
189.30 100.00
188.89 100.00
188.68 100.36
188.89 100.71
188.48 100.71
188.27 101.07
188.48 101.43
188.89 101.43
188.68 101.78
188.89 102.14
188.48 102.14
188.27 102.49
188.07 102.14
187.65 102.14
187.45 102.49
187.65 102.85
187.24 102.85
187.04 103.21
187.24 103.56
187.65 103.56
187.45 103.92
187.65 104.28
188.07 104.28
188.27 103.92
188.48 104.28
188.89 104.28
188.68 104.63
188.89 104.99
188.48 104.99
188.27 105.35
188.48 105.70
188.89 105.70
188.68 106.06
188.89 106.42
188.48 106.42
188.27 106.77
188.07 106.42
187.65 106.42
187.45 106.77
187.65 107.13
187.24 107.13
187.04 107.48
186.83 107.13
186.42 107.13
186.63 106.77
186.42 106.42
186.01 106.42
185.80 106.77
185.60 106.42
185.19 106.42
184.98 106.77
185.19 107.13
184.77 107.13
184.57 107.48
184.77 107.84
185.19 107.84
184.98 108.20
185.19 108.55
184.77 108.55
184.57 108.91
184.36 108.55
183.95 108.55
183.74 108.91
183.95 109.27
183.54 109.27
183.33 109.62
183.13 109.27
182.72 109.27
182.92 108.91
182.72 108.55
182.30 108.55
182.10 108.91
181.89 108.55
181.48 108.55
181.69 108.20
181.48 107.84
181.89 107.84
182.10 107.48
181.89 107.13
181.48 107.13
181.69 106.77
181.48 106.42
181.07 106.42
180.86 106.77
180.66 106.42
180.25 106.42
180.04 106.77
180.25 107.13
179.84 107.13
179.63 107.48
179.42 107.13
179.01 107.13
179.22 106.77
179.01 106.42
178.60 106.42
178.40 106.77
178.19 106.42
177.78 106.42
177.98 106.06
177.78 105.70
178.19 105.70
178.40 105.35
178.19 104.99
177.78 104.99
177.98 104.63
177.78 104.28
178.19 104.28
178.40 103.92
178.60 104.28
179.01 104.28
179.22 103.92
179.01 103.56
179.42 103.56
179.63 103.21
179.42 102.85
179.01 102.85
179.22 102.49
179.01 102.14
178.60 102.14
178.40 102.49
178.19 102.14
177.78 102.14
177.98 101.78
177.78 101.43
178.19 101.43
178.40 101.07
178.19 100.71
177.78 100.71
177.98 100.36
177.78 100.00
177.37 100.00
177.16 100.36
176.95 100.00
176.54 100.00
176.34 100.36
176.54 100.71
176.13 100.71
175.93 101.07
175.72 100.71
175.31 100.71
175.51 100.36
175.31 100.00
174.90 100.00
174.69 100.36
174.49 100.00
174.07 100.00
173.87 100.36
174.07 100.71
173.66 100.71
173.46 101.07
173.66 101.43
174.07 101.43
173.87 101.78
174.07 102.14
173.66 102.14
173.46 102.49
173.25 102.14
172.84 102.14
172.63 102.49
172.84 102.85
172.43 102.85
172.22 103.21
172.02 102.85
171.60 102.85
171.81 102.49
171.60 102.14
171.19 102.14
170.99 102.49
170.78 102.14
170.37 102.14
170.58 101.78
170.37 101.43
170.78 101.43
170.99 101.07
170.78 100.71
170.37 100.71
170.58 100.36
170.37 100.00
169.96 100.00
169.75 100.36
169.55 100.00
169.14 100.00
168.93 100.36
169.14 100.71
168.72 100.71
168.52 101.07
168.31 100.71
167.90 100.71
168.11 100.36
167.90 100.00
167.49 100.00
167.28 100.36
167.08 100.00
166.67 100.00
166.46 100.36
166.67 100.71
166.26 100.71
166.05 101.07
166.26 101.43
166.67 101.43
166.46 101.78
166.67 102.14
166.26 102.14
166.05 102.49
165.84 102.14
165.43 102.14
165.23 102.49
165.43 102.85
165.02 102.85
164.81 103.21
165.02 103.56
165.43 103.56
165.23 103.92
165.43 104.28
165.84 104.28
166.05 103.92
166.26 104.28
166.67 104.28
166.46 104.63
166.67 104.99
166.26 104.99
166.05 105.35
166.26 105.70
166.67 105.70
166.46 106.06
166.67 106.42
166.26 106.42
166.05 106.77
165.84 106.42
165.43 106.42
165.23 106.77
165.43 107.13
165.02 107.13
164.81 107.48
164.61 107.13
164.20 107.13
164.40 106.77
164.20 106.42
163.79 106.42
163.58 106.77
163.37 106.42
162.96 106.42
162.76 106.77
162.96 107.13
162.55 107.13
162.35 107.48
162.55 107.84
162.96 107.84
162.76 108.20
162.96 108.55
162.55 108.55
162.35 108.91
162.14 108.55
161.73 108.55
161.52 108.91
161.73 109.27
161.32 109.27
161.11 109.62
161.32 109.98
161.73 109.98
161.52 110.34
161.73 110.69
162.14 110.69
162.35 110.34
162.55 110.69
162.96 110.69
162.76 111.05
162.96 111.40
162.55 111.40
162.35 111.76
162.55 112.12
162.96 112.12
162.76 112.47
162.96 112.83
163.37 112.83
163.58 112.47
163.79 112.83
164.20 112.83
164.40 112.47
164.20 112.12
164.61 112.12
164.81 111.76
165.02 112.12
165.43 112.12
165.23 112.47
165.43 112.83
165.84 112.83
166.05 112.47
166.26 112.83
166.67 112.83
166.46 113.19
166.67 113.54
166.26 113.54
166.05 113.90
166.26 114.26
166.67 114.26
166.46 114.61
166.67 114.97
166.26 114.97
166.05 115.32
165.84 114.97
165.43 114.97
165.23 115.32
165.43 115.68
165.02 115.68
164.81 116.04
165.02 116.39
165.43 116.39
165.23 116.75
165.43 117.11
165.84 117.11
166.05 116.75
166.26 117.11
166.67 117.11
166.46 117.46
166.67 117.82
166.26 117.82
166.05 118.18
166.26 118.53
166.67 118.53
166.46 118.89
166.67 119.25
166.26 119.25
166.05 119.60
165.84 119.25
165.43 119.25
165.23 119.60
165.43 119.96
165.02 119.96
164.81 120.31
164.61 119.96
164.20 119.96
164.40 119.60
164.20 119.25
163.79 119.25
163.58 119.60
163.37 119.25
162.96 119.25
162.76 119.60
162.96 119.96
162.55 119.96
162.35 120.31
162.55 120.67
162.96 120.67
162.76 121.03
162.96 121.38
162.55 121.38
162.35 121.74
162.14 121.38
161.73 121.38
161.52 121.74
161.73 122.10
161.32 122.10
161.11 122.45
160.91 122.10
160.49 122.10
160.70 121.74
160.49 121.38
160.08 121.38
159.88 121.74
159.67 121.38
159.26 121.38
159.47 121.03
159.26 120.67
159.67 120.67
159.88 120.31
159.67 119.96
159.26 119.96
159.47 119.60
159.26 119.25
158.85 119.25
158.64 119.60
158.44 119.25
158.02 119.25
157.82 119.60
158.02 119.96
157.61 119.96
157.41 120.31
157.20 119.96
156.79 119.96
157.00 119.60
156.79 119.25
156.38 119.25
156.17 119.60
155.97 119.25
155.56 119.25
155.35 119.60
155.56 119.96
155.14 119.96
154.94 120.31
155.14 120.67
155.56 120.67
155.35 121.03
155.56 121.38
155.14 121.38
154.94 121.74
154.73 121.38
154.32 121.38
154.12 121.74
154.32 122.10
153.91 122.10
153.70 122.45
153.91 122.81
154.32 122.81
154.12 123.17
154.32 123.52
154.73 123.52
154.94 123.17
155.14 123.52
155.56 123.52
155.35 123.88
155.56 124.23
155.14 124.23
154.94 124.59
155.14 124.95
155.56 124.95
155.35 125.30
155.56 125.66
155.14 125.66
154.94 126.02
154.73 125.66
154.32 125.66
154.12 126.02
154.32 126.37
153.91 126.37
153.70 126.73
153.50 126.37
153.09 126.37
153.29 126.02
153.09 125.66
152.67 125.66
152.47 126.02
152.26 125.66
151.85 125.66
151.65 126.02
151.85 126.37
151.44 126.37
151.23 126.73
151.44 127.09
151.85 127.09
151.65 127.44
151.85 127.80
151.44 127.80
151.23 128.15
151.03 127.80
150.62 127.80
150.41 128.15
150.62 128.51
150.21 128.51
150.00 128.87
149.79 128.51
149.38 128.51
149.59 128.15
149.38 127.80
148.97 127.80
148.77 128.15
148.56 127.80
148.15 127.80
148.35 127.44
148.15 127.09
148.56 127.09
148.77 126.73
148.56 126.37
148.15 126.37
148.35 126.02
148.15 125.66
147.74 125.66
147.53 126.02
147.33 125.66
146.91 125.66
146.71 126.02
146.91 126.37
146.50 126.37
146.30 126.73
146.09 126.37
145.68 126.37
145.88 126.02
145.68 125.66
145.27 125.66
145.06 126.02
144.86 125.66
144.44 125.66
144.65 125.30
144.44 124.95
144.86 124.95
145.06 124.59
144.86 124.23
144.44 124.23
144.65 123.88
144.44 123.52
144.86 123.52
145.06 123.17
145.27 123.52
145.68 123.52
145.88 123.17
145.68 122.81
146.09 122.81
146.30 122.45
146.09 122.10
145.68 122.10
145.88 121.74
145.68 121.38
145.27 121.38
145.06 121.74
144.86 121.38
144.44 121.38
144.65 121.03
144.44 120.67
144.86 120.67
145.06 120.31
144.86 119.96
144.44 119.96
144.65 119.60
144.44 119.25
144.03 119.25
143.83 119.60
143.62 119.25
143.21 119.25
143.00 119.60
143.21 119.96
142.80 119.96
142.59 120.31
142.39 119.96
141.98 119.96
142.18 119.60
141.98 119.25
141.56 119.25
141.36 119.60
141.15 119.25
140.74 119.25
140.53 119.60
140.74 119.96
140.33 119.96
140.12 120.31
140.33 120.67
140.74 120.67
140.53 121.03
140.74 121.38
140.33 121.38
140.12 121.74
139.92 121.38
139.51 121.38
139.30 121.74
139.51 122.10
139.09 122.10
138.89 122.45
138.68 122.10
138.27 122.10
138.48 121.74
138.27 121.38
137.86 121.38
137.65 121.74
137.45 121.38
137.04 121.38
137.24 121.03
137.04 120.67
137.45 120.67
137.65 120.31
137.45 119.96
137.04 119.96
137.24 119.60
137.04 119.25
136.63 119.25
136.42 119.60
136.21 119.25
135.80 119.25
135.60 119.60
135.80 119.96
135.39 119.96
135.19 120.31
134.98 119.96
134.57 119.96
134.77 119.60
134.57 119.25
134.16 119.25
133.95 119.60
133.74 119.25
133.33 119.25
133.54 118.89
133.33 118.53
133.74 118.53
133.95 118.18
133.74 117.82
133.33 117.82
133.54 117.46
133.33 117.11
133.74 117.11
133.95 116.75
134.16 117.11
134.57 117.11
134.77 116.75
134.57 116.39
134.98 116.39
135.19 116.04
134.98 115.68
134.57 115.68
134.77 115.32
134.57 114.97
134.16 114.97
133.95 115.32
133.74 114.97
133.33 114.97
133.54 114.61
133.33 114.26
133.74 114.26
133.95 113.90
133.74 113.54
133.33 113.54
133.54 113.19
133.33 112.83
133.74 112.83
133.95 112.47
134.16 112.83
134.57 112.83
134.77 112.47
134.57 112.12
134.98 112.12
135.19 111.76
135.39 112.12
135.80 112.12
135.60 112.47
135.80 112.83
136.21 112.83
136.42 112.47
136.63 112.83
137.04 112.83
137.24 112.47
137.04 112.12
137.45 112.12
137.65 111.76
137.45 111.40
137.04 111.40
137.24 111.05
137.04 110.69
137.45 110.69
137.65 110.34
137.86 110.69
138.27 110.69
138.48 110.34
138.27 109.98
138.68 109.98
138.89 109.62
138.68 109.27
138.27 109.27
138.48 108.91
138.27 108.55
137.86 108.55
137.65 108.91
137.45 108.55
137.04 108.55
137.24 108.20
137.04 107.84
137.45 107.84
137.65 107.48
137.45 107.13
137.04 107.13
137.24 106.77
137.04 106.42
136.63 106.42
136.42 106.77
136.21 106.42
135.80 106.42
135.60 106.77
135.80 107.13
135.39 107.13
135.19 107.48
134.98 107.13
134.57 107.13
134.77 106.77
134.57 106.42
134.16 106.42
133.95 106.77
133.74 106.42
133.33 106.42
133.54 106.06
133.33 105.70
133.74 105.70
133.95 105.35
133.74 104.99
133.33 104.99
133.54 104.63
133.33 104.28
133.74 104.28
133.95 103.92
134.16 104.28
134.57 104.28
134.77 103.92
134.57 103.56
134.98 103.56
135.19 103.21
134.98 102.85
134.57 102.85
134.77 102.49
134.57 102.14
134.16 102.14
133.95 102.49
133.74 102.14
133.33 102.14
133.54 101.78
133.33 101.43
133.74 101.43
133.95 101.07
133.74 100.71
133.33 100.71
133.54 100.36
133.33 100.00
132.92 100.00
132.72 100.36
132.51 100.00
132.10 100.00
131.89 100.36
132.10 100.71
131.69 100.71
131.48 101.07
131.28 100.71
130.86 100.71
131.07 100.36
130.86 100.00
130.45 100.00
130.25 100.36
130.04 100.00
129.63 100.00
129.42 100.36
129.63 100.71
129.22 100.71
129.01 101.07
129.22 101.43
129.63 101.43
129.42 101.78
129.63 102.14
129.22 102.14
129.01 102.49
128.81 102.14
128.40 102.14
128.19 102.49
128.40 102.85
127.98 102.85
127.78 103.21
127.57 102.85
127.16 102.85
127.37 102.49
127.16 102.14
126.75 102.14
126.54 102.49
126.34 102.14
125.93 102.14
126.13 101.78
125.93 101.43
126.34 101.43
126.54 101.07
126.34 100.71
125.93 100.71
126.13 100.36
125.93 100.00
125.51 100.00
125.31 100.36
125.10 100.00
124.69 100.00
124.49 100.36
124.69 100.71
124.28 100.71
124.07 101.07
123.87 100.71
123.46 100.71
123.66 100.36
123.46 100.00
123.05 100.00
122.84 100.36
122.63 100.00
122.22 100.00
122.02 100.36
122.22 100.71
121.81 100.71
121.60 101.07
121.81 101.43
122.22 101.43
122.02 101.78
122.22 102.14
121.81 102.14
121.60 102.49
121.40 102.14
120.99 102.14
120.78 102.49
120.99 102.85
120.58 102.85
120.37 103.21
120.58 103.56
120.99 103.56
120.78 103.92
120.99 104.28
121.40 104.28
121.60 103.92
121.81 104.28
122.22 104.28
122.02 104.63
122.22 104.99
121.81 104.99
121.60 105.35
121.81 105.70
122.22 105.70
122.02 106.06
122.22 106.42
121.81 106.42
121.60 106.77
121.40 106.42
120.99 106.42
120.78 106.77
120.99 107.13
120.58 107.13
120.37 107.48
120.16 107.13
119.75 107.13
119.96 106.77
119.75 106.42
119.34 106.42
119.14 106.77
118.93 106.42
118.52 106.42
118.31 106.77
118.52 107.13
118.11 107.13
117.90 107.48
118.11 107.84
118.52 107.84
118.31 108.20
118.52 108.55
118.11 108.55
117.90 108.91
117.70 108.55
117.28 108.55
117.08 108.91
117.28 109.27
116.87 109.27
116.67 109.62
116.46 109.27
116.05 109.27
116.26 108.91
116.05 108.55
115.64 108.55
115.43 108.91
115.23 108.55
114.81 108.55
115.02 108.20
114.81 107.84
115.23 107.84
115.43 107.48
115.23 107.13
114.81 107.13
115.02 106.77
114.81 106.42
114.40 106.42
114.20 106.77
113.99 106.42
113.58 106.42
113.37 106.77
113.58 107.13
113.17 107.13
112.96 107.48
112.76 107.13
112.35 107.13
112.55 106.77
112.35 106.42
111.93 106.42
111.73 106.77
111.52 106.42
111.11 106.42
111.32 106.06
111.11 105.70
111.52 105.70
111.73 105.35
111.52 104.99
111.11 104.99
111.32 104.63
111.11 104.28
111.52 104.28
111.73 103.92
111.93 104.28
112.35 104.28
112.55 103.92
112.35 103.56
112.76 103.56
112.96 103.21
112.76 102.85
112.35 102.85
112.55 102.49
112.35 102.14
111.93 102.14
111.73 102.49
111.52 102.14
111.11 102.14
111.32 101.78
111.11 101.43
111.52 101.43
111.73 101.07
111.52 100.71
111.11 100.71
111.32 100.36
111.11 100.00
110.70 100.00
110.49 100.36
110.29 100.00
109.88 100.00
109.67 100.36
109.88 100.71
109.47 100.71
109.26 101.07
109.05 100.71
108.64 100.71
108.85 100.36
108.64 100.00
108.23 100.00
108.02 100.36
107.82 100.00
107.41 100.00
107.20 100.36
107.41 100.71
107.00 100.71
106.79 101.07
107.00 101.43
107.41 101.43
107.20 101.78
107.41 102.14
107.00 102.14
106.79 102.49
106.58 102.14
106.17 102.14
105.97 102.49
106.17 102.85
105.76 102.85
105.56 103.21
105.35 102.85
104.94 102.85
105.14 102.49
104.94 102.14
104.53 102.14
104.32 102.49
104.12 102.14
103.70 102.14
103.91 101.78
103.70 101.43
104.12 101.43
104.32 101.07
104.12 100.71
103.70 100.71
103.91 100.36
103.70 100.00
103.29 100.00
103.09 100.36
102.88 100.00
102.47 100.00
102.26 100.36
102.47 100.71
102.06 100.71
101.85 101.07
101.65 100.71
101.23 100.71
101.44 100.36
101.23 100.00
100.82 100.00
100.62 100.36
100.41 100.00
