100.00 400.00
107.41 387.17
100.00 374.34
114.81 374.34
122.22 361.51
114.81 348.68
100.00 348.68
107.41 335.85
100.00 323.02
114.81 323.02
122.22 310.19
129.63 323.02
144.44 323.02
151.85 310.19
144.44 297.36
159.26 297.36
166.67 284.53
159.26 271.70
144.44 271.70
151.85 258.87
144.44 246.04
129.63 246.04
122.22 258.87
114.81 246.04
100.00 246.04
107.41 233.21
100.00 220.38
114.81 220.38
122.22 207.55
114.81 194.72
100.00 194.72
107.41 181.89
100.00 169.06
114.81 169.06
122.22 156.23
129.63 169.06
144.44 169.06
151.85 156.23
144.44 143.40
159.26 143.40
166.67 130.57
174.07 143.40
188.89 143.40
181.48 156.23
188.89 169.06
203.70 169.06
211.11 156.23
218.52 169.06
233.33 169.06
240.74 156.23
233.33 143.40
248.15 143.40
255.56 130.57
248.15 117.74
233.33 117.74
240.74 104.91
233.33 92.08
248.15 92.08
255.56 79.25
262.96 92.08
277.78 92.08
285.19 79.25
277.78 66.42
292.59 66.42
300.00 53.59
307.41 66.42
322.22 66.42
314.81 79.25
322.22 92.08
337.04 92.08
344.44 79.25
351.85 92.08
366.67 92.08
359.26 104.91
366.67 117.74
351.85 117.74
344.44 130.57
351.85 143.40
366.67 143.40
359.26 156.23
366.67 169.06
381.48 169.06
388.89 156.23
396.30 169.06
411.11 169.06
418.52 156.23
411.11 143.40
425.93 143.40
433.33 130.57
440.74 143.40
455.56 143.40
448.15 156.23
455.56 169.06
470.37 169.06
477.78 156.23
485.19 169.06
500.00 169.06
492.59 181.89
500.00 194.72
485.19 194.72
477.78 207.55
485.19 220.38
500.00 220.38
492.59 233.21
500.00 246.04
485.19 246.04
477.78 258.87
470.37 246.04
455.56 246.04
448.15 258.87
455.56 271.70
440.74 271.70
433.33 284.53
440.74 297.36
455.56 297.36
448.15 310.19
455.56 323.02
470.37 323.02
477.78 310.19
485.19 323.02
500.00 323.02
492.59 335.85
500.00 348.68
485.19 348.68
477.78 361.51
485.19 374.34
500.00 374.34
492.59 387.17
500.00 400.00
485.19 400.00
477.78 412.83
470.37 400.00
455.56 400.00
448.15 412.83
455.56 425.66
440.74 425.66
433.33 438.49
425.93 425.66
411.11 425.66
418.52 412.83
411.11 400.00
396.30 400.00
388.89 412.83
381.48 400.00
366.67 400.00
359.26 412.83
366.67 425.66
351.85 425.66
344.44 438.49
351.85 451.32
366.67 451.32
359.26 464.15
366.67 476.98
351.85 476.98
344.44 489.81
337.04 476.98
322.22 476.98
314.81 489.81
322.22 502.64
307.41 502.64
300.00 515.47
292.59 502.64
277.78 502.64
285.19 489.81
277.78 476.98
262.96 476.98
255.56 489.81
248.15 476.98
233.33 476.98
240.74 464.15
233.33 451.32
248.15 451.32
255.56 438.49
248.15 425.66
233.33 425.66
240.74 412.83
233.33 400.00
218.52 400.00
211.11 412.83
203.70 400.00
188.89 400.00
181.48 412.83
188.89 425.66
174.07 425.66
166.67 438.49
159.26 425.66
144.44 425.66
151.85 412.83
144.44 400.00
129.63 400.00
122.22 412.83
114.81 400.00
