10.00 10.00
15.56 0.38
10.00 -9.25
21.11 -9.25
26.67 -18.87
21.11 -28.49
10.00 -28.49
15.56 -38.11
10.00 -47.74
21.11 -47.74
26.67 -57.36
32.22 -47.74
43.33 -47.74
48.89 -57.36
43.33 -66.98
54.44 -66.98
60.00 -76.60
65.56 -66.98
76.67 -66.98
71.11 -57.36
76.67 -47.74
87.78 -47.74
93.33 -57.36
98.89 -47.74
110.00 -47.74
104.44 -38.11
110.00 -28.49
98.89 -28.49
93.33 -18.87
98.89 -9.25
110.00 -9.25
104.44 0.38
110.00 10.00
98.89 10.00
93.33 19.62
87.78 10.00
76.67 10.00
71.11 19.62
76.67 29.25
65.56 29.25
60.00 38.87
54.44 29.25
43.33 29.25
48.89 19.62
43.33 10.00
32.22 10.00
26.67 19.62
21.11 10.00
